# callgrind format
version: 1
creator: callgrind-3.16.1
pid: 14633
cmd:  ./trayracer -s -w 1000x500 -r 20 -b 5 -x 1177 8
part: 1


desc: I1 cache: 
desc: D1 cache: 
desc: LL cache: 

desc: Timerange: Basic block 0 - 1607129925
desc: Trigger: Program termination

positions: line
events: Ir
summary: 15486875893


ob=(26) /home/fredr/source/trayracer/bin/trayracer
fl=(66) /home/fredr/source/trayracer/material.cc
fn=(1362) BSDF(Material const&, Ray&, vec3 const&, vec3 const&)
15 80646530
fi=(63) /home/fredr/source/trayracer/vec3.h
+43 8064653
fe=(66)
-43 24193959
fi=(63)
+43 16129306
+1 24193959
+1 24193959
+1 24193959
+8 24193959
-11 24193959
+1 24193959
+1 24193959
+1 24193959
+8 24193959
+21 8064653
fe=(66)
-72 8064653
-2 8064653
fi=(63)
+74 40323265
fe=(66)
-74 16129306
+2 16129306
+3 30655388
-1 7663847
fi=(67) /home/fredr/source/trayracer/pbr.h
-8 7663847
fi=(64) /usr/include/c++/10.2.0/cmath
1419 22991541
fi=(67)
12 30655388
fi=(64)
1419 7663847
cob=(4) /usr/lib/libm-2.32.so
cfi=(4) ???
cfn=(1370) fmaxf
calls=7663846 0 
* 45983076
cob=(1) /usr/lib/ld-2.32.so
cfi=(1) ???
cfn=(1076) _dl_runtime_resolve_xsave
calls=1 0 
* 1182
* 7663851
fi=(67)
12 15327694
fi=(64)
418 7663847
fi=(67)
12 7663847
fi=(64)
1419 7663847
418 7663847
fi=(67)
12 15327694
fi=(64)
418 15327694
cob=(4)
cfi=(4)
cfn=(1378) pow
calls=7663846 0 
* 973308442
cob=(1)
cfi=(1)
cfn=(1076)
calls=1 0 
* 1269
* 7663851
fi=(44) /home/fredr/source/trayracer/xrng.h
31 7663847
+2 7663847
-2 7663847
+4 7663847
fi=(64)
418 7663847
fi=(67)
12 15327694
fi=(44)
+25 7663847
+1 7663847
fe=(66)
-7 7663847
fi=(67)
-19 7663847
fi=(44)
+23 7663847
+1 7663847
-5 7663847
+6 7663847
-1 7663847
+60 7663847
+1 7663847
fi=(67)
-85 7663847
fi=(44)
+21 7663847
+5 7663847
-2 7663847
+4 7663847
-24 7663847
+80 7663847
-58 7663847
-2 7663847
+4 7663847
+57 7663847
-62 7663847
+7 7663847
fi=(67)
-30 7663847
fi=(44)
+19 7663847
+7 7663847
fi=(67)
-26 7663847
fi=(44)
+25 7663847
-21 7663847
+81 7663847
-59 7663847
-1 7663847
-4 7663847
-2 7663847
+6 7663847
+3 7663847
+56 7663847
fi=(67)
-84 7663847
fi=(44)
+23 7663847
+62 7663847
-64 7663847
+3 7663847
+60 7663847
-63 7663847
+64 7663847
-60 7663847
+1 7663847
+59 7663847
-60 7663847
+3 7663847
-24 7663847
fi=(67)
-4 7663847
fe=(66)
+19 15327694
fi=(56) /home/fredr/source/trayracer/mat4.h
+59 1879252
-2 1879252
+1 1879252
+2 939626
+2 939626
-3 939626
-2 939626
+2 939626
+3 939626
-5 939626
+1 1879252
+4 1879252
+14 939626
+5 939626
+1 939626
+5 939626
-11 1879252
+3 939626
+2 939626
+5 939626
-10 939626
+1 1879252
+2 939626
-2 939626
+8 939626
-9 939626
+1 939626
+2 939626
+6 939626
-8 939626
+2 939626
+6 939626
-8 939626
+3 939626
+4 939626
-5 1879252
+6 1879252
fi=(44)
-19 939626
fe=(66)
-62 1879252
fi=(44)
+2 939626
+60 939626
-57 939626
fe=(66)
-5 1879252
-19 939626
fi=(56)
121 939626
+2 939626
fi=(44)
-85 939626
+4 939626
fe=(66)
-7 939626
cfi=(67)
cfn=(1398) ImportanceSampleGGX_VNDF(float, float, float, vec3 const&, mat4 const&)
calls=939626 -15 
* 327546840
fi=(63)
+55 15034016
+5 939626
-47 3758504
-9 2818878
-9 939626
+28 939626
-28 939626
+1 939626
+27 939626
-27 939626
+1 1879252
+27 2818878
+1 2818878
+1 2818878
+8 2818878
-39 939626
+1 939626
+1 939626
-15 939626
+55 56452571
-53 8064653
+53 56452571
-53 8064653
fe=(66)
+4 400806
fi=(63)
+1 400806
fe=(66)
+35 400806
fi=(63)
-34 400806
fe=(66)
+34 400806
+3 400806
fi=(63)
-3 400806
-1 400806
-16 801612
+16 400806
-16 400806
+17 801612
+1 1202418
fe=(66)
-1 400806
+4 328806
fi=(63)
-21 164403
fe=(66)
+21 164403
fi=(63)
-21 493209
fe=(66)
+21 164403
fi=(63)
-2 493209
fe=(66)
+2 822015
fi=(63)
-2 1202418
+8 1202418
-8 400806
+8 1202418
+21 3206448
fi=(67)
-33 400806
fi=(63)
+33 400806
fi=(67)
-33 3206448
+1 801612
fi=(63)
-47 24664
fe=(66)
+69 12332
fi=(44)
-49 12332
+2 12332
+2 12332
-4 12332
+6 12332
fi=(63)
-7 12332
+1 12332
fi=(44)
+4 12332
+1 12332
fi=(63)
-4 12332
fi=(44)
+5 12332
-1 12332
-3 12332
+4 12332
+1 12332
-7 12332
+9 12332
+56 12332
-58 12332
-22 12332
+24 12332
+56 12332
-58 12332
+59 12332
-81 12332
+81 12332
fe=(66)
-15 24664
fi=(44)
-51 388474
+2 388474
+2 388474
-4 388474
+6 388474
fi=(63)
-7 388474
+1 388474
fi=(44)
+4 388474
+1 388474
fi=(63)
-4 388474
fi=(44)
+5 388474
-1 388474
-3 388474
+4 388474
+1 388474
-7 388474
+9 388474
+56 388474
-58 388474
-22 388474
+24 388474
+56 388474
-58 388474
+59 388474
-81 388474
+81 388474
fe=(66)
-15 776948
fi=(63)
-52 302779
+1 302779
+1 302779
-2 302779
+1 302779
+1 302779
fe=(66)
+62 72581877
fi=(44)
-59 6724221
+62 13448442
-61 6724221
+1 6724221
+60 6724221
fe=(66)
-52 6724221
fi=(44)
-9 6724221
+1 6724221
-4 6724221
+4 6724221
+1 6724221
+71 6724221
-69 6724221
-2 6724221
-7 6724221
+78 6724221
-93 6724221
+80 6724221
-56 6724221
+56 6724221
-80 6724221
+93 6724221
-12 6724221
-59 6724221
+71 6724221
-12 6724221
fe=(66)
-52 13448442
fi=(44)
+64 13448442
fi=(63)
-51 13448442
fe=(66)
-13 6724221
fi=(63)
-15 13448442
+1 13448442
+1 13448442
+27 20172663
+1 20172663
+1 20172663
+8 20172663
-11 20172663
+1 20172663
+1 20172663
+1 20172663
+8 20172663
-33 20172663
+23 6724221
-1 6724221
+1 6724221
-1 6724221
+1 6724221
+1 20172663
+1 20172663
+8 20172663
-39 6724221
+1 6724221
+1 6724221
-15 6724221
+55 2004030
-13 801612
+13 400806
-14 801612
+1 400806
+1 1202418
+1 801612
+11 26896884
-53 6724221
+53 1603224
-53 400806
+53 20172663
-53 6724221
+53 40345326
-53 6724221
+53 2818878
-53 939626
fe=(66)
+49 472806
+1 236403
-1 709209
fi=(63)
-7 709209
fe=(66)
+8 1182015
fi=(63)
+21 490135
-60 98027
+60 98027
-59 98027
+59 98027
-58 98027
+58 490135
+5 98027
-47 392108
-9 294081
-9 98027
+1 98027
+1 98027
-15 98027
fi=(64)
464 1165422
fi=(63)
48 3496266
fi=(67)
-36 388474
fi=(63)
+27 388474
+9 2330844
-9 1165422
+9 776948
-9 1553896
fe=(66)
+36 1165422
fi=(63)
-36 388474
fe=(66)
+36 388474
fi=(63)
-36 388474
fe=(66)
+36 1165422
fi=(67)
-63 776948
fi=(64)
1419 1165422
cob=(4)
cfi=(4)
cfn=(1370)
calls=388474 0 
* 2330844
* 388474
fi=(67)
12 776948
fi=(64)
1419 388474
418 388474
fi=(67)
12 1165422
fi=(64)
418 776948
cob=(4)
cfi=(4)
cfn=(1378)
calls=388474 0 
* 49336198
* 388474
fi=(67)
12 6215584
fe=(66)

fl=(67)
fn=(1398)
20 1879252
fi=(56)
+14 1879252
fe=(67)
-14 939626
fi=(56)
+14 939626
+9 939626
fe=(67)
-18 939626
-5 939626
+1 939626
-1 3758504
fi=(63)
+70 1879252
fi=(56)
-56 1879252
fi=(63)
+56 939626
fi=(56)
-56 939626
fi=(63)
+56 939626
fi=(56)
-47 939626
fe=(67)
-18 939626
fi=(56)
+18 939626
fi=(63)
+47 939626
fi=(56)
-47 939626
fe=(67)
-18 939626
fi=(63)
+65 3758504
fi=(56)
-65 1879252
fi=(63)
+65 1879252
fi=(56)
-47 1879252
fi=(63)
+47 1879252
fe=(67)
-67 939626
fi=(63)
+67 939626
-48 939626
+48 939626
fi=(56)
-65 1879252
fi=(63)
+65 939626
fi=(56)
-65 1879252
fi=(63)
+65 1879252
fe=(67)
-67 939626
fi=(63)
+19 939626
fe=(67)
-17 939626
fi=(63)
+65 1879252
-31 1879252
+31 939626
fe=(67)
-67 939626
fi=(63)
+19 939626
fe=(67)
-17 939626
fi=(63)
+33 1879252
+1 939626
+1 2818878
+1 3758504
+8 2818878
fi=(64)
464 2818878
fe=(67)
33 11275512
cob=(4)
cfi=(4)
cfn=(1408) 0x0000000000088fb0
calls=939625 -33 
* 40959694
cob=(1)
cfi=(1)
cfn=(1076)
calls=1 -33 
* 1212
* 939630
+1 939626
+2 939626
-2 939626
+2 939626
+2 2818878
-4 939626
+2 2818878
-1 939626
+1 939626
+2 1879252
-1 1879252
+1 14094390
+2 5637756
cob=(4)
cfi=(4)
cfn=(1370)
calls=939626 -40 
* 5637756
* 939626
* 7517008
fi=(63)
+8 10335886
-12 939626
+12 1879252
-12 939626
fe=(67)
+7 939626
fi=(63)
+5 1879252
fe=(67)
-5 939626
fi=(63)
-7 939626
+12 2818878
-12 939626
fe=(67)
+7 2818878
cob=(4)
cfi=(4)
cfn=(1370)
calls=939626 -43 
* 5637756
* 939626
fi=(63)
+5 3758504
fe=(67)
-5 939626
fi=(56)
+24 939626
fi=(63)
-19 939626
fe=(67)
-5 939626
fi=(56)
+24 939626
+1 939626
fi=(63)
-20 939626
+31 939626
fi=(56)
-11 1879252
fi=(63)
+11 939626
-43 939626
fi=(56)
+32 1879252
fi=(63)
+11 939626
-43 939626
fe=(67)
+7 939626
fi=(63)
+36 939626
+6 939626
fi=(56)
-16 1879252
fi=(63)
+10 939626
+6 939626
fi=(56)
-18 1879252
fi=(63)
+12 939626
+6 939626
fi=(56)
-16 1879252
fi=(63)
+10 939626
+6 939626
fi=(56)
-18 1879252
fi=(63)
+12 939626
fi=(56)
-11 1879252
fi=(63)
+11 939626
fi=(56)
-10 1879252
fi=(63)
+10 939626
-20 1879252
+26 1879252
-27 1879252
+1 939626
+1 2818878
+1 2818878
+8 2818878
+3 939626
-30 939626
fe=(67)
-13 939626
fi=(63)
+43 2818878
fe=(67)
-45 5637756
+2 939626
fi=(63)
+43 939626
fe=(67)
-43 5637756
fi=(63)
+73 1879252
-54 1879252
fe=(67)
-19 1879252
fi=(63)
+19 8456634
+54 939626
-54 939626
+54 2818878
+3 939626
-2 1879252
+2 939626
-2 1879252
+2 939626
-1 1879252
+1 939626
-1 1879252
+1 1879252
-86 939626
+53 939626
fe=(67)
-25 939626
fi=(63)
+25 939626
-49 939626
+49 939626
-48 939626
+1 939626
fe=(67)
+22 5637756

fl=(63)
fn=(1350) Sphere::Intersect(HitResult&, Ray const&, float)
39 160956522
-16 160956522
fi=(58) /home/fredr/source/trayracer/sphere.h
+11 160956522
fe=(63)
+5 321913044
-15 160956522
+15 160956522
+51 160956522
-51 160956522
-14 160956522
+65 160956522
-51 160956522
+51 965739132
fi=(58)
-49 160956522
fe=(63)
+49 160956522
fi=(58)
-49 321913044
fe=(63)
+49 947826680
fi=(58)
-45 118478335
fe=(63)
+45 118478335
fi=(58)
-45 118478335
fe=(63)
+45 118478335
fi=(58)
-44 118478335
fe=(63)
+44 118478335
fi=(58)
-44 118478335
fe=(63)
+44 118478335
fi=(58)
-45 118478335
+1 236956670
+2 236956670
-6 151627541
+33 151627541
-41 18657962
+17 27986943
fi=(64)
464 18657962
fi=(58)
53 27986943
+1 9328981
-1 9328981
+1 9328981
+2 18657962
+8 2481256
-22 739386
+33 18657962
-19 17470792
fe=(63)
-8 25016928
fi=(58)
+12 8338976
fe=(63)
-12 16677952
fi=(58)
+14 8338976
fe=(63)
-14 16677952
-12 8338976
+12 8338976
-12 16677952
-6 8338976
+9 8338976
-8 8338976
+8 8338976
-7 8338976
+7 8338976
+9 8338976
fi=(58)
+13 8338976
fe=(63)
-13 16677952
-18 8338976
+1 8338976
+1 8338976
-15 8338976
+31 751857
fi=(58)
+20 250619
fe=(63)
-20 501238
fi=(58)
+22 250619
fe=(63)
-22 501238
-12 250619
+12 250619
-12 501238
-6 250619
+9 250619
-8 250619
+8 250619
-7 250619
+7 250619
+9 250619
fi=(58)
+21 250619
fe=(63)
-21 501238
-18 250619
+1 250619
+1 250619
-15 250619

fl=(57) /usr/include/c++/10.2.0/bits/vector.tcc
fn=(1196) std::vector<Ray, std::allocator<Ray> >::reserve(unsigned long)
69 1
-3 7
+3 2
fi=(50) /usr/include/c++/10.2.0/bits/stl_vector.h
1000 6
fe=(57)
71 2
fi=(50)
919 1
fi=(51) /usr/include/c++/10.2.0/ext/new_allocator.h
115 2
fi=(50)
919 2
346 2
fi=(51)
115 2
cob=(17) /usr/lib/libstdc++.so.6.0.28
cfi=(52) /build/gcc/src/gcc/libstdc++-v3/libsupc++/new_op.cc
cfn=(1182) operator new(unsigned long)
calls=1 -72 
* 285
* 1
fe=(57)
-27 1
+6 1
fi=(51)
+21 1
fe=(57)
-21 1
fi=(54) /usr/include/c++/10.2.0/bits/stl_uninitialized.h
-4 1
-3 3
+3 2
fi=(50)
353 2
fe=(57)
96 1
+1 1
-2 1
+1 1
+1 1
+2 8

fn=(1206) void std::vector<Object*, std::allocator<Object*> >::_M_realloc_insert<Object* const&>(__gnu_cxx::__normal_iterator<Object**, std::vector<Object*, std::allocator<Object*> > >, Object* const&)
426 30
fi=(50)
1758 5
fe=(57)
426 15
fi=(50)
919 15
1758 50
fi=(69) /usr/include/c++/10.2.0/bits/stl_iterator.h
1180 15
fi=(50)
1762 10
346 10
fi=(51)
150 5
fi=(54)
991 5
fe=(57)
464 5
+37 5
fi=(54)
991 5
fi=(51)
150 5
fi=(54)
994 5
-2 12
fi=(50)
353 2
fe=(57)
502 5
+1 5
+1 5
+1 40
fi=(54)
993 20
cob=(3) /usr/lib/libc-2.32.so
cfi=(3) ???
cfn=(826) __memcpy_avx_unaligned_erms
calls=3 0 
* 35
cob=(1)
cfi=(1)
cfn=(1076)
calls=1 0 
* 1281
* 8
-1 8
+1 4
-1 8
fe=(57)
501 4
fi=(51)
133 8
fe=(57)
501 4
fi=(51)
133 4
cob=(17)
cfi=(59) /build/gcc/src/gcc/libstdc++-v3/libsupc++/del_ops.cc
cfn=(1224) operator delete(void*, unsigned long)
calls=3 32 
* 255
cob=(1)
cfi=(1)
cfn=(1076)
calls=1 0 
* 1255
* 8
fi=(61) /usr/include/c++/10.2.0/bits/alloc_traits.h
492 8
fi=(51)
115 15
cob=(17)
cfi=(52)
cfn=(1182)
calls=5 -72 
* 1020
* 5
* 10
fe=(57)
504 10
fi=(51)
115 20
fe=(57)

fl=(58)
fn=(1360) Sphere::ScatterRay(Ray&, vec3 const&, vec3 const&)
79 16129306
cfi=(66)
cfn=(1362)
calls=8064653 -64 
* 3599167582

fn=(1356) Sphere::GetColor()
31 24193959
+1 16129306

fn=(1512) Sphere::~Sphere()
27 18
cob=(17)
cfi=(59)
cfn=(1224)
calls=9 +5 
* 856
* 9

fl=(56)
fn=(1192) inverse(mat4 const&)
156 1
-20 2
+20 1
-20 4
+1 1
-1 3
+1 1
-1 3
+1 1
+1 1
-1 1
-1 1
+1 2
-1 7
+1 1
-1 6
+1 2
-1 1
+1 7
+1 1
-1 3
+1 2
-1 1
+1 5
+1 2
-1 7
+1 2
+1 2
-1 1
-1 3
+1 2
+1 1
-2 1
+1 6
+1 1
-1 4
+1 2
-1 2
+1 5
+1 1
-2 1
+2 1
-1 3
+1 3
-1 1
+1 10
-5 2
+5 1
-4 1
+4 1
-1 1
-3 1
+3 1
-3 1
+1 3
+1 1
-1 1
+3 1
-2 1
+2 1
-2 1
+1 1
+1 1
+19 3
+3 1
+4 1
+1 3
-5 1
+4 3
+1 3
-1 1
+1 4
+1 1
-2 3
+1 3
+1 2
-1 3
-1 2
+16 1
-15 7
+2 1
-2 2
+2 1
-2 8
+1 1
-1 1
+15 1
-14 3
+1 2
-1 1
+1 2
-1 1
+1 2
-1 1
+1 2
-1 1
+14 1
-13 12
+1 2
-1 5
+1 3
-1 1
+1 1
+12 1
-12 5
+1 1
-1 1
+1 1
-1 1
+1 4
-1 1
+1 3
+11 1
-11 8
+2 1
-2 6
+1 1
-1 1
+11 1
-10 11
+10 1
-9 5
+2 1
-2 14
+2 2
-2 2
+1 2
-1 1
+1 3
+8 1
-8 4
+1 1
-1 1
+1 1
-1 2
+8 1
-7 5
+4 1
-4 7
+1 2
-1 1
+1 1
-1 1
+7 1
-6 6
+1 2
-1 2
+6 1
-5 3
+1 1
-1 1
+3 1
-3 1
+2 1
-2 5
+4 1
-4 1
+2 2
+2 1
-4 2
+2 1
-2 1
+2 1
+1 2
-3 2
+5 1
-4 6
+2 3
-2 4
+1 3
-1 1
+1 1
+1 3
+2 1
-3 1
+1 1
-1 1
+1 1
+1 2
+1 1
-2 1
+1 1
+1 1
-1 6
+1 1
+1 2

fl=(45) /home/fredr/source/trayracer/main.cc
fn=(1068) main
45 7
+10 1
-10 2
+11 1
-11 4
+7 1
+1 1
+6 1
cob=(1)
cfi=(1)
cfn=(1076)
calls=1 -59 
* 1993
* 5
-9 1
+17 1
-8 1
+3 1
-1 1
-4 1
+12 4
cob=(1)
cfi=(1)
cfn=(1076)
calls=1 -69 
* 1744
* 5
* 20
cob=(3)
cfi=(3)
cfn=(1110) getopt
calls=5 -69 
* 881
* 5
* 12
+2 30
fi=(47) /usr/include/stdlib.h
363 4
cob=(3)
cfi=(3)
cfn=(1160) strtol
calls=1 0 
* 164
* 1
fe=(45)
100 1
+1 1
-21 6
cob=(1)
cfi=(1)
cfn=(1076)
calls=1 -80 
* 2739
* 5
* 2
fi=(47)
363 4
cob=(1)
cfi=(1)
cfn=(1076)
calls=1 0 
* 1336
* 5
fe=(45)
90 3
246 11
fi=(47)
363 4
cob=(3)
cfi=(3)
cfn=(1160)
calls=1 0 
* 107
* 1
fe=(45)
104 2
+5 2
+1 1
-41 2
-11 1
+75 3
+3 1
cob=(1)
cfi=(1)
cfn=(1076)
calls=1 0 
* 1444
* 5
* 1
fi=(44)
-49 1
+1 1
fe=(45)
+48 1
fi=(44)
-47 1
fe=(45)
+48 1
fi=(44)
-50 1
+1 1
+1 1
-28 1
-1 1
-1 1
-1 1
-1 1
+8 1
-2 2
+2 5
-2 6
+2 254
+2 65
+1 65
+1 65
+1 65
-37 65
+2 65
+1 65
+27 65
-30 65
+4 65
+1 65
-22 65
+24 65
+23 130
-30 63
+2 63
+1 63
+27 63
-30 63
+4 63
+1 63
-22 63
+24 63
+23 126
-2 12
fe=(45)
+80 1
+5 1
fi=(50)
1769 1
fi=(44)
76 1
fe=(45)
+65 1
fi=(44)
-64 1
fe=(45)
+64 2
+3 2
+2 1
fi=(44)
-68 1
fe=(45)
+68 1
fi=(44)
-67 1
fe=(45)
+62 5
fi=(50)
1769 2
98 1
fi=(51)
+17 1
fi=(50)
-17 2
346 2
fi=(51)
115 2
cob=(1)
cfi=(1)
cfn=(1076)
calls=1 0 
* 1416
* 5
fi=(50)
363 1
-2 1
+2 1
fi=(54)
566 1
fi=(53) /usr/include/c++/10.2.0/new
175 1
fi=(54)
566 5
fi=(53)
175 499999
fi=(54)
566 2499996
fe=(45)
154 1
fi=(50)
1605 1
fe=(45)
156 2
-2 1
+2 1
-2 4
+2 2
-2 1
+2 3
cfi=(55) /home/fredr/source/trayracer/raytracer.cc
cfn=(1190) Raytracer::Raytracer(mat4 const&, std::vector<Color, std::allocator<Color> >&, TraceData const&)
calls=1 22 
* 863
+7 2
cob=(17)
cfi=(52)
cfn=(1182)
calls=1 43 
* 206
* 1
fi=(58)
23 2
fi=(70) /home/fredr/source/trayracer/raytracer.h
+63 1
fi=(58)
-63 1
fi=(63)
+1 1
fi=(70)
+62 2
fi=(63)
-63 1
+1 1
+1 3
fi=(58)
-2 7
fi=(70)
+63 1
cfi=(50)
cfn=(1204) std::vector<Object*, std::allocator<Object*> >::push_back(Object* const&)
calls=1 1187 
* 271
fe=(45)
+81 3
fi=(44)
50 1
fi=(70)
+36 2
fi=(44)
-36 2
cfn=(1214) xrng::xoshiro128_plus::next()
calls=1 -19 
* 20
* 14
cfn=(1214)
calls=7 -19 
* 140
+52 8
-52 16
+52 8
cfn=(1214)
calls=8 -71 
* 160
* 8
-6 16
+1 24
+5 8
cfn=(1214)
calls=8 -71 
* 160
* 8
-6 16
+1 24
+5 8
cfn=(1214)
calls=8 -71 
* 160
* 8
-6 16
+1 24
+5 8
cfn=(1214)
calls=8 -71 
* 160
* 8
-6 16
+1 24
+5 8
cfn=(1214)
calls=8 -71 
* 160
* 8
fe=(45)
+71 8
fi=(44)
-77 24
+1 8
+12 16
fe=(45)
+64 16
fi=(44)
-71 8
cfn=(1214)
calls=8 -71 
* 160
+7 8
-7 8
-6 24
+1 8
+12 16
fe=(45)
+64 24
fi=(44)
-71 8
cfn=(1214)
calls=8 -71 
* 160
+7 8
-7 8
-6 24
+1 8
+12 16
fe=(45)
+64 24
fi=(44)
-71 8
cfn=(1214)
calls=8 -71 
* 160
+7 8
fe=(45)
+65 8
fi=(44)
-78 16
+1 16
+12 24
fe=(45)
+65 8
cob=(17)
cfi=(52)
cfn=(1182)
calls=8 43 
* 1648
* 8
fi=(58)
23 24
fi=(70)
+63 8
fi=(63)
-63 8
+1 8
fi=(58)
-1 8
fi=(70)
+63 8
fi=(63)
-61 8
fi=(58)
-2 56
fi=(63)
+1 8
+1 8
fi=(58)
-2 40
fi=(70)
+63 8
cfi=(50)
cfn=(1204)
calls=8 1187 
* 4034
fe=(45)
+81 24
+11 8
cob=(1)
cfi=(1)
cfn=(1076)
calls=1 0 
* 4831
* 5

ob=(15) /usr/lib/libGLX.so.0.0.0
fl=(15) ???
fn=(776) 0x0000000000013910
0 1
cob=(5) /usr/lib/libpthread-2.32.so
cfi=(5) ???
cfn=(778) pthread_mutexattr_init
calls=1 0 
0 4

fn=(788) 0x00000000000138c0
0 1
cob=(5)
cfi=(5)
cfn=(790) pthread_mutex_init
calls=1 0 
0 48

fn=(1812) 0x0000000000013b60
0 5
cob=(5)
cfi=(5)
cfn=(516) pthread_mutex_unlock
calls=5 0 
0 125

fn=(1816) 0x0000000000013b10
0 4
cob=(5)
cfi=(5)
cfn=(1818) pthread_mutex_destroy
calls=4 0 
0 48

fn=(1898) 0x0000000000003750
0 5

fn=(662) 0x0000000000003810
0 12

fn=(1836) 0x0000000000016a70
0 7
cfn=(1812)
calls=1 0 
0 26
0 2
cfn=(1816)
calls=1 0 
0 13
0 20
cob=(3)
cfi=(3)
cfn=(1228) free
calls=1 0 
0 81
0 126
cob=(3)
cfi=(3)
cfn=(1228)
calls=42 0 
0 4454
0 88
cob=(3)
cfi=(3)
cfn=(1228)
calls=1 0 
0 81
0 5
cfn=(1850) 0x0000000000013b20
calls=1 0 
0 30
0 5
cfn=(1812)
calls=1 0 
0 26
0 2
cfn=(1806) 0x0000000000013b30
calls=1 0 
0 30
0 5
cfn=(1812)
calls=1 0 
0 26
0 2
cfn=(1816)
calls=1 0 
0 13
0 2
cfn=(1806)
calls=1 0 
0 30
0 5
cfn=(1812)
calls=1 0 
0 26
0 2
cfn=(1816)
calls=1 0 
0 13
0 2
cfn=(1806)
calls=1 0 
0 30
0 3

fn=(794) 0x0000000000013920
0 1
cob=(5)
cfi=(5)
cfn=(796) pthread_mutexattr_destroy
calls=1 0 
0 3

fn=(802) 0x0000000000016960
0 6187
cob=(3)
cfi=(3)
cfn=(840) __strcmp_avx2
calls=903 0 
0 20127
0 1897
cob=(3)
cfi=(3)
cfn=(812) realloc
calls=1 0 
0 264
0 10
cob=(3)
cfi=(3)
cfn=(820) strdup
calls=1 0 
0 246
0 210
cob=(3)
cfi=(3)
cfn=(820)
calls=42 0 
0 10466
0 648

fn=(1850)
0 1
cob=(5)
cfi=(5)
cfn=(460) pthread_mutex_lock
calls=1 0 
0 29

fn=(782) 0x0000000000013930
0 1
cob=(5)
cfi=(5)
cfn=(784) pthread_mutexattr_settype
calls=1 0 
0 13

ob=(26)
fl=(45)
fn=(1068)
180 2
cfi=(55)
cfn=(1276) Raytracer::trace()
calls=1 47 
* 860041398
+1 1
cob=(17)
cfi=(48) /build/gcc/src/gcc/libstdc++-v3/src/c++11/chrono.cc
cfn=(1168) std::chrono::_V2::system_clock::now()
calls=1 53 
* 36
* 1
fi=(68) /usr/include/c++/10.2.0/chrono
+3 1
564 1
184 1
fe=(45)
-1 1
fi=(68)
+1 1
fe=(45)
-1 7
+3 2
-3 1
+3 1
-3 1
+1 3
+2 3
cob=(3)
cfi=(3)
cfn=(1240) printf
calls=1 0 
* 7415
* 1
+2 2
+23 1
-1 2
-54 3
cfi=(55)
cfn=(1510) Raytracer::~Raytracer()
calls=1 36 
* 1130
fi=(50)
683 2
cfn=(1518) std::_Vector_base<Color, std::allocator<Color> >::~_Vector_base()
calls=1 336 
* 82
fi=(63)
19 2
fe=(45)
134 1
fi=(47)
363 4
cob=(3)
cfi=(3)
cfn=(1160)
calls=1 0 
* 107
* 1
fe=(45)
134 3

fl=(44)
fn=(1064) xrng::xoshiro128_plus::jump()
53 4
+7 2
-1 2
-6 18
+4 2
-4 4
+5 2
+5 4
+2 4
-2 12
+2 508
+2 130
+1 130
+1 130
+1 130
-37 130
+2 130
+1 130
+27 130
-30 130
+4 130
+1 130
-22 130
+24 130
+23 260
-30 126
+2 126
+1 126
+27 126
-30 126
+4 126
+1 126
-22 126
+24 126
+23 252
-2 24
+4 12
+11 2
+1 2
+3 2
-2 2
+2 2
-1 2
+1 8

fn=(1062) _GLOBAL__sub_I_stbi_write_png_compression_level
24 1
fi=(45)
246 1
fe=(44)
24 1
+67 1
-67 3
+67 1
cfn=(1064)
calls=1 -38 
* 1977
-65 1
fi=(45)
246 1
fe=(44)
26 1
cfn=(1064)
calls=1 +27 
* 1977

fn=(1214)
31 72
+2 72
+2 72
-4 72
+6 72
-2 72
+1 72
+1 72
-1 72
-3 72
+4 72
+1 72
+2 72
-2 72
-22 72
+24 72
-9 72
+7 72
-22 72
+29 72

fl=(55)
fn=(1344) Raytracer::trace_helper(void*)
123 96
+2 12
+3 12
-5 36
+4 12
fi=(63)
11 24
fe=(55)
134 12
-7 12
fi=(63)
11 48
fi=(71) /home/fredr/source/trayracer/object.h
+1 24
fe=(55)
134 12
-2 48
+2 48
+2 12
-2 12
+2 24
-2 192
+2 48
-2 48
+2 96
+11 48387918
cfi=(58)
cfn=(1356)
calls=8064653 31 
* 40323265
fi=(65) /home/fredr/source/trayracer/color.h
-75 8064653
fe=(55)
+76 16129306
-1 8064653
+1 16129306
-1 8064653
fi=(65)
-75 8064653
+1 8064653
fe=(55)
+75 8064653
fi=(65)
-76 8064653
-1 8064653
-53 8064653
+1 8064653
+1 8064653
-2 8064653
+1 8064653
+1 8064653
fe=(55)
148 8064653
cfi=(58)
cfn=(1360)
calls=8064653 -69 
* 3615296888
-12 120541725
+2 99999960
fi=(50)
1046 149999940
fe=(55)
142 49999980
fi=(50)
1046 49999980
fe=(55)
142 49999980
+3 71536232
cfn=(1346) Raytracer::raycast(unsigned long, HitResult&)
calls=17884058 +48 
* 9755953248
* 35768116
+68 9819405
fi=(63)
48 9819405
fe=(55)
213 9819405
fi=(63)
48 9819405
fe=(55)
213 9819405
fi=(63)
48 9819405
fe=(55)
+88 9819405
+16 9819405
+62 9819405
-1 9819405
fi=(63)
48 19638810
fe=(55)
214 9819405
fi=(63)
48 19638810
fi=(65)
-28 19638810
fi=(63)
+16 19638810
fe=(55)
215 9819405
fi=(65)
18 9819405
+2 9819405
fe=(55)
215 9819405
fi=(65)
19 9819405
-1 9819405
+1 9819405
fe=(55)
136 19638810
-4 240
+27 144

fn=(1474) Raytracer::render_helper(void*)
163 12
+2 12
+5 12
-3 12
+1 12
+2 24
+2 12
+7 12
fi=(50)
1046 24
fe=(55)
179 120
fi=(65)
11 12
+1 12
+1 12
fe=(55)
174 24
fi=(65)
11 499980
+1 499980
+1 499980
fe=(55)
174 999960
fi=(50)
1046 3499944
fi=(65)
11 499992
fe=(55)
174 499992
fi=(65)
11 499992
+1 999984
+1 999984
fe=(55)
174 999984
fi=(65)
11 9499848
fe=(55)
174 9499848
fi=(65)
11 9499848
+1 18999696
+1 18999696
fe=(55)
174 18999696
fi=(65)
32 499992
fe=(55)
170 999984
fi=(65)
33 499992
-1 499992
+2 499992
-1 499992
+1 499992
fe=(55)
170 999984
+13 24

fn=(1276)
47 1
fi=(56)
+5 3
fe=(55)
-5 10
+3 1
fi=(56)
+2 6
fi=(50)
346 2
fi=(51)
115 3
cob=(17)
cfi=(52)
cfn=(1182)
calls=1 -72 
* 206
* 1
fi=(62) /usr/include/c++/10.2.0/bits/stl_algobase.h
873 3
fi=(51)
115 1
fi=(62)
873 1
cob=(1)
cfi=(1)
cfn=(1076)
calls=1 0 
* 1353
* 5
fe=(55)
51 2
fi=(50)
346 2
fi=(51)
115 3
cob=(17)
cfi=(52)
cfn=(1182)
calls=1 -72 
* 202
* 1
* 1
fi=(50)
363 1
fi=(62)
860 1
+1 1
-1 1
+1 3
-1 2
+1 11
-1 11
+1 33
-1 22
fe=(55)
67 3
-14 4
+2 1
+3 1
+1 1
fi=(56)
+9 1
fe=(55)
-13 1
fi=(56)
+12 2
fe=(55)
-14 1
+5 1
fi=(56)
+9 1
+1 1
fe=(55)
-10 1
fi=(56)
+10 1
+1 2
fi=(44)
-38 1
fe=(55)
+27 1
+1 1
fi=(56)
+10 1
fi=(44)
-38 1
+2 1
+2 2
fi=(56)
+32 1
fe=(55)
-9 1
+1 2
fi=(56)
+8 1
fe=(55)
-8 2
fi=(56)
+8 1
+1 3
+1 4
fe=(55)
-10 2
-4 2
fi=(44)
-19 1
-1 1
+1 1
+1 1
fe=(55)
+21 1
-5 1
fi=(44)
-15 1
-1 1
-21 1
fe=(55)
+43 1
fi=(44)
-26 1
+5 1
-7 1
+5 1
+60 1
-60 1
+4 1
fi=(63)
-10 1
fe=(55)
+25 19999998
fi=(44)
-19 9999999
-1 9999999
+1 9999999
+1 9999999
fe=(55)
+21 9999999
-5 9999999
fi=(44)
-15 9999999
-1 9999999
-21 9999999
fe=(55)
+43 9999999
fi=(44)
-26 9999999
+5 9999999
-7 9999999
+5 9999999
+60 9999999
-60 9999999
+4 9999999
fi=(63)
-10 9999999
fe=(55)
+25 19999998
fi=(44)
+41 9999999
-61 9999999
fe=(55)
+18 9999999
fi=(44)
+44 9999999
-59 9999999
-1 9999999
-21 9999999
+22 9999999
+59 9999999
-66 9999999
+6 9999999
+59 9999999
-63 9999999
+5 9999999
+58 9999999
-56 9999999
-3 9999999
+3 9999999
+2 9999999
fi=(63)
-12 9999999
+1 9999999
fi=(72) /home/fredr/source/trayracer/ray.h
-23 9999999
fi=(63)
+23 9999999
+1 9999999
fi=(72)
-24 9999999
fi=(63)
+24 9999999
fi=(72)
-24 29999997
fe=(55)
+50 9999999
+1 9999999
-1 9999999
fi=(44)
+39 19999998
fe=(55)
-39 9999999
+1 19999998
-1 9999999
-3 2
fi=(44)
+41 1
-61 1
fe=(55)
+18 1
fi=(44)
+44 1
-59 1
-1 1
-21 1
+22 1
+59 1
-66 1
+6 1
+59 1
-63 1
+5 1
+58 1
-56 1
-3 1
+3 1
+2 1
fi=(63)
-12 1
+1 1
fi=(72)
-23 1
fi=(63)
+23 1
+1 1
fi=(72)
-24 1
fi=(63)
+24 1
fi=(72)
-24 3
fe=(55)
+50 1
+1 1
-1 1
fi=(44)
+39 2
fe=(55)
-39 1
+1 2
-1 2
+1 1
+2 1
fi=(63)
+18 1
fe=(55)
-20 1
fi=(63)
+20 1
fe=(55)
-18 1
fi=(63)
+18 2
+6 1
-6 3
-49 2
+49 3
+6 2
fe=(55)
-27 9999999
+1 9999999
+2 9999999
fi=(63)
+18 9999999
fe=(55)
-20 9999999
fi=(63)
+20 9999999
fe=(55)
-18 9999999
fi=(63)
+18 19999998
+6 9999999
-6 29999997
-49 19999998
+49 29999997
+6 19999998
-54 9999999
+1 9999999
-1 9999999
+1 9999999
fe=(55)
+21 19999998
fi=(63)
-22 1
+1 1
-1 1
+1 1
fe=(55)
+21 2
+14 4
+3 6
+2 1
-2 2
+2 97
+2 24
+2 24
-2 12
+2 24
-2 24
+2 12
cob=(5)
cfi=(5)
cfn=(1292) pthread_create@@GLIBC_2.2.5
calls=11 -76 
* 11616
cob=(1)
cfi=(1)
cfn=(1076)
calls=1 -76 
* 1909
* 16
* 12
+2 24
+5 4
+2 4
cob=(1)
cfi=(1)
cfn=(1076)
calls=1 -85 
* 975
* 5
* 44
cob=(5)
cfi=(5)
cfn=(1332) pthread_join
calls=11 -85 
* 5186
* 11
-2 60
+13 1
fi=(50)
919 6
fe=(55)
94 2
+2 6
+2 1
-2 1
+2 97
+2 12
+2 36
-2 12
+2 12
-2 24
+2 12
cob=(5)
cfi=(5)
cfn=(1292)
calls=12 0 
* 12765
* 12
* 12
+2 24
+4 3

ob=(15)
fl=(15)
fn=(1770) 0x0000000000003040
0 2
cfn=(1772) 0x00000000000171c0
calls=1 0 
0 27
0 1
cob=(14) /usr/lib/libGLdispatch.so.0.0.0
cfi=(14) ???
cfn=(1792) __glDispatchGetCurrentThreadState
calls=1 0 
0 15
0 4
cfn=(1800) 0x0000000000013e60
calls=1 0 
0 181
0 2
cfn=(1836)
calls=1 0 
0 5155
0 2
cob=(14)
cfi=(14)
cfn=(1572) __glDispatchFini
calls=1 0 
0 211

fn=(668) 0x0000000000003080
0 7
cob=(14)
cfi=(14)
cfn=(670) __glDispatchGetABIVersion
calls=1 0 
0 2
0 3
cob=(14)
cfi=(14)
cfn=(676) __glDispatchInit
calls=1 0 
0 338
0 2
cob=(3)
cfi=(3)
cfn=(448) getenv
calls=1 0 
0 323
0 6
cob=(8) /usr/lib/libdl-2.32.so
cfi=(8) ???
cfn=(458) dlsym
calls=1 0 
0 1337
0 8
cob=(8)
cfi=(8)
cfn=(458)
calls=1 0 
0 1265
0 8
cob=(8)
cfi=(8)
cfn=(458)
calls=1 0 
0 1815
0 8
cob=(8)
cfi=(8)
cfn=(458)
calls=1 0 
0 1729
0 8
cob=(8)
cfi=(8)
cfn=(458)
calls=1 0 
0 1353
0 8
cob=(8)
cfi=(8)
cfn=(458)
calls=1 0 
0 1472
0 8
cob=(8)
cfi=(8)
cfn=(458)
calls=1 0 
0 1354
0 8
cob=(8)
cfi=(8)
cfn=(458)
calls=1 0 
0 1400
0 8
cob=(8)
cfi=(8)
cfn=(458)
calls=1 0 
0 1419
0 8
cob=(8)
cfi=(8)
cfn=(458)
calls=1 0 
0 1392
0 8
cob=(8)
cfi=(8)
cfn=(458)
calls=1 0 
0 1418
0 8
cob=(8)
cfi=(8)
cfn=(458)
calls=1 0 
0 1432
0 22
cob=(8)
cfi=(8)
cfn=(458)
calls=1 0 
0 1265
0 8
cob=(8)
cfi=(8)
cfn=(458)
calls=1 0 
0 1353
0 8
cob=(8)
cfi=(8)
cfn=(458)
calls=1 0 
0 1361
0 8
cob=(8)
cfi=(8)
cfn=(458)
calls=1 0 
0 1370
0 8
cob=(8)
cfi=(8)
cfn=(458)
calls=1 0 
0 1400
0 9
cob=(3)
cfi=(3)
cfn=(448)
calls=1 0 
0 327
0 5
cob=(3)
cfi=(3)
cfn=(448)
calls=1 0 
0 331
0 9
cfn=(776)
calls=1 0 
0 5
0 4
cfn=(782)
calls=1 0 
0 14
0 3
cfn=(788)
calls=1 0 
0 49
0 2
cfn=(794)
calls=1 0 
0 4
0 87
cfn=(802)
calls=42 0 
0 39497
0 1
cfn=(802)
calls=1 0 
0 558
0 174
cob=(3)
cfi=(3)
cfn=(448)
calls=1 0 
0 323
0 10

fn=(1772)
0 2
cob=(3)
cfi=(3)
cfn=(1774) getpid
calls=1 0 
0 4
0 9

ob=(26)
fl=(55)
fn=(1276)
108 1
+2 4
cob=(5)
cfi=(5)
cfn=(1332)
calls=1 0 
* 137
* 1
* 44
cob=(5)
cfi=(5)
cfn=(1332)
calls=11 0 
* 5885
* 11
-2 48
fi=(50)
353 3
fi=(51)
133 3
cob=(17)
cfi=(59)
cfn=(1224)
calls=1 32 
* 85
* 1
fi=(50)
353 2
fi=(51)
133 5
fe=(55)
-14 7
fi=(51)
+14 1
cob=(17)
cfi=(59)
cfn=(1224)
calls=1 32 
* 85
* 1
fe=(55)

fn=(1346)
193 17884058
-3 107304348
+3 17884058
fi=(50)
919 17884058
fe=(55)
195 35768116
fi=(50)
1046 35768116
fe=(55)
195 17884058
-4 17884058
fi=(50)
1046 35768116
fe=(55)
197 286144928
fi=(50)
1046 143072464
fe=(55)
197 286144928
fi=(50)
1046 143072464
fe=(55)
197 143072464
cfi=(63)
cfn=(1350)
calls=143072464 39 
* 5915270182
* 17884058
fi=(50)
1046 17884058
fe=(55)
197 35768116
fi=(50)
1046 17884058
fe=(55)
197 17884058
cfi=(63)
cfn=(1350)
calls=17884058 39 
* 828276595
fi=(50)
1064 160956522
fe=(55)
197 321913044
+2 8589595
+1 8589595
-1 8589595
fi=(50)
919 8589595
fe=(55)
195 8589595
fi=(50)
919 17179190
fe=(55)
195 17179190
fi=(50)
919 152366927
fe=(55)
195 152366927
fi=(50)
919 304733854
fe=(55)
195 304733854
+10 125188406

fn=(1190)
22 7
+9 5
fi=(63)
-17 1
fe=(55)
+17 5
-4 1
+4 1
fi=(63)
-17 1
fe=(55)
+17 1
fi=(63)
-17 1
fe=(55)
+13 1
fi=(63)
-13 2
fi=(56)
293 1
fi=(63)
14 4
fe=(55)
+17 1
fi=(63)
-17 7
fe=(55)
+17 4
fi=(63)
-17 1
fe=(55)
+17 4
fi=(56)
293 2
cfn=(1192)
calls=1 156 
* 425
-95 1
fe=(55)
33 1
-2 1
fi=(56)
198 31
fe=(55)
31 1
fi=(50)
+67 6
fe=(55)
-65 1
cfi=(57)
cfn=(1196)
calls=1 +36 
* 338
+1 8

fn=(1510)
36 4
fi=(69)
954 2
fe=(55)
38 4
+1 2
-1 8
+1 34
cfi=(58)
cfn=(1512)
calls=9 -12 
* 883
-1 27
fi=(50)
336 1
+17 2
-17 2
fi=(51)
133 1
cob=(17)
cfi=(59)
cfn=(1224)
calls=1 32 
* 64
* 1
fi=(50)
336 1
+17 2
-17 1
fe=(55)
40 3
fi=(50)
336 1
fi=(51)
133 1
cob=(17)
cfi=(59)
cfn=(1224)
calls=1 32 
* 85
* 1
fe=(55)

fl=(43) ???
fn=(1046) _start
0 12
cob=(3)
cfi=(3)
cfn=(1048) (below main)
calls=1 0 
0 863107517

fn=(1050) __libc_csu_init
0 15
cob=(2) ???
cfi=(2) ???
cfn=(1052) 0x000000000014f000
calls=1 0 
0 7
0 8
cfn=(1056) 0x0000000000048b30
calls=1 0 
0 12
0 4
cfi=(44)
cfn=(1062)
calls=1 24 
0 3965
0 14

fn=(1056)
0 12

fn=(1528) 0x0000000000048ae0
0 9
cob=(3)
cfi=(3)
cfn=(1534) __cxa_finalize
calls=1 0 
0 151
0 1
cfn=(1540) 0x0000000000048a70
calls=1 0 
0 5

ob=(15)
fl=(15)
fn=(1772)
0 12

fn=(1800)
0 1
cob=(5)
cfi=(5)
cfn=(516)
calls=1 0 
0 37
0 15
cfn=(1806)
calls=1 0 
0 30
0 5
cfn=(1812)
calls=1 0 
0 26
0 2
cfn=(1816)
calls=1 0 
0 13

ob=(26)
fl=(43)
fn=(1528)
0 3

fn=(1540)
0 5

fl=(50)
fn=(1518)
336 1
+17 2
-17 1
fi=(51)
133 1
fe=(50)
336 1
fi=(51)
133 1
cob=(17)
cfi=(59)
cfn=(1224)
calls=1 32 
* 74
* 1
fe=(50)

fn=(1204)
1187 9
+2 27

ob=(15)
fl=(15)
fn=(1800)
0 2
cfn=(1822) 0x00000000000138f0
calls=1 0 
0 40
0 10

fn=(1806)
0 4
cob=(5)
cfi=(5)
cfn=(460)
calls=4 0 
0 116

fn=(1822)
0 1
cob=(5)
cfi=(5)
cfn=(1824) pthread_mutex_trylock
calls=1 0 
0 39

fn=(1890) 0x00000000000037c0
0 7

ob=(26)
fl=(50)
fn=(1204)
fi=(51)
150 4
fe=(50)
1194 4
fi=(51)
150 4
fe=(50)
1194 4
+5 4

ob=(15)
fl=(15)
fn=(1890)
0 2
cob=(3)
cfi=(3)
cfn=(1534)
calls=1 0 
0 151
0 1
cfn=(1898)
calls=1 0 
0 5
0 3

ob=(26)
fl=(50)
fn=(1204)
1198 5
cfi=(57)
cfn=(1206)
calls=5 426 
* 4244

ob=(2)
fl=(2)
fn=(302) 0x0000000004a23000
0 3
cob=(5)
cfi=(5)
cfn=(304) __pthread_initialize_minimal
calls=1 0 
0 569
0 2

fn=(386) 0x0000000005080000
0 7

fn=(396) 0x00000000048f0000
0 7

fn=(406) 0x00000000050c4000
0 7

fn=(416) 0x00000000050b7000
0 7

fn=(426) 0x00000000050a2000
0 7

fn=(436) 0x0000000004fca000
0 7

fn=(956) 0x0000000004a74000
0 7

fn=(966) 0x0000000004a68000
0 7

fn=(976) 0x0000000004a61000
0 7

fn=(986) 0x0000000004a4e000
0 7

fn=(996) 0x0000000004a40000
0 7

fn=(1006) 0x0000000004a16000
0 7

fn=(1016) 0x0000000004890000
0 7

fn=(1306) 0x0000000004a23840
0 40
cob=(3)
cfi=(3)
cfn=(1308) mprotect
calls=20 0 
0 120

fn=(1324) 0x0000000004a23760
0 48
cob=(3)
cfi=(3)
cfn=(1326) pthread_attr_destroy
calls=24 0 
0 144

fn=(1340) 0x0000000004a23910
0 48
cob=(3)
cfi=(3)
cfn=(288) __ctype_init
calls=24 0 
0 408

fn=(1444) 0x0000000004de7340
0 96
cob=(3)
cfi=(3)
cfn=(1228)
calls=48 0 
0 480

fn=(1460) 0x0000000004a23780
0 32
cob=(1)
cfi=(1)
cfn=(1462) _dl_deallocate_tls
calls=16 0 
0 7106

fn=(1468) 0x0000000004a23580
0 136
cob=(3)
cfi=(3)
cfn=(1228)
calls=68 0 
0 680

fn=(1470) 0x0000000004a23710
0 8
cob=(3)
cfi=(3)
cfn=(540) __memset_avx2_unaligned_erms
calls=4 0 
0 140

fn=(1546) 0x000000000018c4f8
0 4

fn=(1652) 0x0000000004a619a4
0 4

fn=(1736) 0x0000000004c03b54
0 4

fn=(1968) 0x00000000050c6448
0 4

fn=(312) 0x0000000004a235a0
0 2
cob=(3)
cfi=(3)
cfn=(314) getrlimit
calls=1 0 
0 10

fn=(512) 0x0000000004de7530
0 70
cob=(1)
cfi=(1)
cfn=(514) _dl_find_dso_for_object
calls=35 0 
0 5082

fn=(1300) 0x0000000004a238c0
0 96
cob=(3)
cfi=(3)
cfn=(1302) getpagesize
calls=48 0 
0 288

fn=(1342) 0x0000000004a237b0
0 48
cob=(3)
cfi=(3)
cfn=(1066) _setjmp
calls=24 0 
0 816

fn=(72) 0x0000000004002050
0 138
cob=(1)
cfi=(1)
cfn=(74) _dl_catch_exception
calls=69 0 
0 226517

fn=(308) 0x0000000004a239e0
0 2
cob=(1)
cfi=(1)
cfn=(310) _dl_get_tls_static_info
calls=1 0 
0 6

fn=(354) 0x00000000050d2000
0 7

fn=(364) 0x00000000050cc000
0 7

fn=(374) 0x0000000004a7d000
0 7

fn=(478) 0x0000000004a7d100
0 2
cob=(5)
cfi=(5)
cfn=(480) pthread_key_create
calls=1 0 
0 18

fn=(882) 0x0000000004b18000
0 7

fn=(1304) 0x0000000004a23660
0 40
cob=(3)
cfi=(3)
cfn=(1184) mmap
calls=20 0 
0 400

fn=(1472) 0x0000000004a23a20
0 8
cob=(1)
cfi=(1)
cfn=(276) _dl_allocate_tls_init
calls=4 0 
0 1132

fn=(1636) 0x0000000004a5898c
0 4

fn=(1952) 0x00000000050bd3a4
0 4

fn=(2056) 0x00000000050d3884
0 4

fn=(340) 0x0000000004de7600
0 2
cob=(3)
cfi=(3)
cfn=(342) __strrchr_avx2
calls=1 0 
0 43

fn=(450) 0x0000000004de7480
0 108
cob=(3)
cfi=(3)
cfn=(452) __strlen_avx2
calls=54 0 
0 1008

fn=(548) 0x0000000004a7d130
0 2
cob=(5)
cfi=(5)
cfn=(550) pthread_setspecific
calls=1 0 
0 34

fn=(658) 0x0000000005044000
0 7

fn=(824) 0x0000000004de74f0
0 90
cob=(3)
cfi=(3)
cfn=(826)
calls=45 0 
0 513

fn=(1034) 0x0000000004830000
0 7

fn=(1700) 0x0000000004a32028
0 4

fn=(822) 0x0000000004de7320
0 88
cob=(3)
cfi=(3)
cfn=(522) malloc
calls=44 0 
0 8580

fn=(856) 0x0000000004daa000
0 7

fn=(1266) 0x0000000004de75c0
0 34
cob=(3)
cfi=(3)
cfn=(1268) __mempcpy_avx_unaligned_erms
calls=17 0 
0 286

fn=(1434) 0x0000000004a23810
0 48
cob=(3)
cfi=(3)
cfn=(1436) __libc_thread_freeres
calls=24 0 
0 2184

fn=(1562) 0x0000000004830288
0 4

fn=(1620) 0x0000000004a46698
0 4

fn=(1936) 0x00000000050ac340
0 4

fn=(2040) 0x00000000050ccd54
0 4

fn=(68) 0x0000000004002080
0 2
cob=(1)
cfi=(1)
cfn=(70) _dl_catch_error
calls=1 0 
0 2541

fn=(1052)
0 7

fn=(1296) 0x0000000004a239d0
0 48
cob=(3)
cfi=(3)
cfn=(1298) __pthread_attr_copy
calls=24 0 
0 1008

fn=(1314) 0x0000000004a23730
0 4
cob=(3)
cfi=(3)
cfn=(1316) _IO_enable_locks
calls=2 0 
0 27

fn=(1380) 0x0000000004c6e300
0 16104642
cob=(4)
cfi=(4)
cfn=(1382) 0x000000000007a9c0
calls=8052321 0 
0 853546026

fn=(1448) 0x0000000004a23970
0 48
cob=(3)
cfi=(3)
cfn=(1450) madvise
calls=24 0 
0 144

fn=(1684) 0x0000000004a77918
0 4

fn=(1768) 0x0000000004dbaca8
0 4

fn=(2000) 0x0000000005092b88
0 4

fn=(316) 0x0000000004a23900
0 2
cob=(3)
cfi=(3)
cfn=(318) __libc_pthread_init
calls=1 0 
0 269

fn=(502) 0x0000000004a7d190
0 2
cob=(3)
cfi=(3)
cfn=(504) calloc
calls=1 0 
0 74359

fn=(520) 0x0000000004de7470
0 24
cob=(1)
cfi=(1)
cfn=(18) __tunable_get_val
calls=12 0 
0 237

fn=(558) 0x0000000004a7d180
0 68
cob=(3)
cfi=(3)
cfn=(560) _dl_catch_error
calls=34 0 
0 40514

fn=(570) 0x0000000004a7d1e0
0 68
cob=(3)
cfi=(3)
cfn=(572) _dl_sym
calls=34 0 
0 36570

fn=(1092) 0x0000000004de7440
0 4
cob=(3)
cfi=(3)
cfn=(1094) __memchr_avx2
calls=2 0 
0 24

fn=(1096) 0x0000000004de7640
0 2
cob=(3)
cfi=(3)
cfn=(826)
calls=1 0 
0 14

fn=(1116) 0x0000000004de7490
0 10
cob=(3)
cfi=(3)
cfn=(1118) __strchr_avx2
calls=5 0 
0 130

fn=(1244) 0x0000000004de73b0
0 20
cob=(3)
cfi=(3)
cfn=(1246) __strchrnul_avx2
calls=10 0 
0 239

fn=(1604) 0x0000000004a1882c
0 4

fn=(1920) 0x0000000005007000
0 4

fn=(2024) 0x0000000004a7e17c
0 4

fn=(324) 0x0000000004a239b0
0 12
cob=(1)
cfi=(1)
cfn=(18)
calls=6 0 
0 114

fn=(538) 0x0000000004de7580
0 42
cob=(3)
cfi=(3)
cfn=(540)
calls=21 0 
0 712

fn=(1132) 0x0000000004de75f0
0 2
cob=(3)
cfi=(3)
cfn=(1134) __rawmemchr_avx2
calls=1 0 
0 15

fn=(1310) 0x0000000004a23990
0 40
cob=(1)
cfi=(1)
cfn=(1312) _dl_allocate_tls
calls=20 0 
0 11648

fn=(1464) 0x0000000004a236f0
0 32
cob=(3)
cfi=(3)
cfn=(1466) munmap
calls=16 0 
0 96

fn=(1668) 0x0000000004a6cc40
0 4

fn=(1752) 0x0000000004d09658
0 4

fn=(1984) 0x00000000049797b0
0 4

fn=(466) 0x0000000004a7d120
0 68
cob=(5)
cfi=(5)
cfn=(468) pthread_once
calls=34 0 
0 294

fn=(494) 0x0000000004a7d110
0 68
cob=(5)
cfi=(5)
cfn=(496) pthread_getspecific
calls=34 0 
0 606

fn=(872) 0x0000000004c6e000
0 7

fn=(1320) 0x0000000004a23570
0 48
cob=(3)
cfi=(3)
cfn=(1322) clone
calls=24 0 
0 456

fn=(1428) 0x0000000004a23790
0 48
cob=(3)
cfi=(3)
cfn=(1430) __call_tls_dtors
calls=24 0 
0 288

fn=(1588) 0x00000000048ae000
0 4

fn=(1904) 0x000000000505dbb4
0 4

ob=(17)
fl=(46) /build/gcc/src/gcc/libstdc++-v3/src/c++11/thread.cc
fn=(1080) std::thread::hardware_concurrency()
176 2
+1 1
cob=(3)
cfi=(3)
cfn=(1082) get_nprocs
calls=1 0 
* 549
+3 3
+1 2

fl=(52)
fn=(1182)
43 90
+7 36
cob=(3)
cfi=(3)
cfn=(522)
calls=18 -50 
* 3654
* 36
+9 36

fl=(23) /build/gcc/src/gcc/libstdc++-v3/libsupc++/guard.cc
fn=(906) __cxa_guard_acquire
244 1
120 1
249 2
-5 4
+11 2
+10 4
+81 1
239 1
346 3

fn=(908) __cxa_guard_release
389 1
+4 2
+5 2
+2 2
+26 1

fl=(48)
fn=(1168)
53 4
+7 2
-7 6
+7 4
cob=(3)
cfi=(3)
cfn=(1084) clock_gettime@@GLIBC_2.17
calls=2 -60 
* 42
fi=(49) /build/gcc/src/gcc-build/x86_64-pc-linux-gnu/libstdc++-v3/include/chrono
197 2
550 2
fe=(48)
74 10

fl=(29) /build/gcc/src/gcc/libstdc++-v3/src/c++11/system_error.cc
fn=(1716) std::_V2::error_category::~error_category()
341 6

fn=(1714) (anonymous namespace)::system_error_category::~system_error_category()
55 4
cfn=(1716)
calls=1 341 
* 2

fn=(1718) (anonymous namespace)::generic_error_category::~generic_error_category()
39 4
cfn=(1716)
calls=1 341 
* 2

fn=(920) _GLOBAL__sub_I_system_error.cc
379 2
-52 4
cob=(3)
cfi=(3)
cfn=(896) __cxa_atexit
calls=1 0 
* 79
+1 2
+51 1
-51 2
cob=(3)
cfi=(3)
cfn=(896)
calls=1 0 
* 79

fl=(59)
fn=(1224)
32 18
+1 18
cfi=(60) /build/gcc/src/gcc/libstdc++-v3/libsupc++/del_op.cc
cfn=(1226) operator delete(void*)
calls=18 +15 
* 1553

fl=(24) /build/gcc/src/gcc/libstdc++-v3/libsupc++/eh_alloc.cc
fn=(910) _GLOBAL__sub_I_eh_alloc.cc
338 1
fi=(27) /build/gcc/src/gcc-build/x86_64-pc-linux-gnu/libstdc++-v3/include/ext/concurrence.h
129 1
fe=(24)
338 1
123 1
fi=(27)
+6 1
fe=(24)
-8 1
fi=(27)
+8 2
fe=(24)
-6 1
cob=(3)
cfi=(3)
cfn=(522)
calls=1 0 
* 195
* 1
+1 2
+9 1
+2 1
+1 1
338 2

fl=(25) /build/gcc/src/gcc/libstdc++-v3/src/c++98/bitmap_allocator.cc
fn=(912) _GLOBAL__sub_I_bitmap_allocator.cc
127 1
fi=(26) /build/gcc/src/gcc-build/x86_64-pc-linux-gnu/libstdc++-v3/include/ext/bitmap_allocator.h
1112 4
104 4
1125 3
+5 3
fi=(27)
129 1
fi=(26)
1130 1
fi=(27)
129 13
fi=(26)
1112 4
104 4
1125 3
+5 3
fi=(27)
129 1
fi=(26)
1130 1
fi=(27)
129 13
fe=(25)
-2 1
fi=(26)
1125 1
411 3
+8 1
+1 1
+1 1
1125 1
411 3
+8 1
+1 1
+1 1
fe=(25)

fl=(30) /build/gcc/src/gcc/libstdc++-v3/src/c++11/locale-inst.cc
fn=(922) _GLOBAL__sub_I_cxx11_locale_inst.cc
380 1
fi=(31) /build/gcc/src/gcc-build/x86_64-pc-linux-gnu/libstdc++-v3/include/bits/locale_facets_nonio.h
1375 8
1605 4
1762 4
fi=(32) /build/gcc/src/gcc-build/x86_64-pc-linux-gnu/libstdc++-v3/include/bits/locale_facets.h
1883 4
fi=(31)
756 4
1968 4
fi=(33) /build/gcc/src/gcc-build/x86_64-pc-linux-gnu/libstdc++-v3/include/bits/locale_classes.h
795 4
fe=(30)
380 1

fn=(930) _GLOBAL__sub_I_cxx11_wlocale_inst.cc
380 1
fi=(31)
1375 8
1605 4
1762 4
fi=(32)
1883 4
fi=(31)
756 4
1968 4
fi=(33)
795 4
fe=(30)
380 1

fn=(938) _GLOBAL__sub_I_locale_inst.cc
380 1
fi=(31)
1375 8
1605 4
1762 4
fi=(32)
1883 4
2277 4
2557 4
fi=(31)
320 4
889 4
756 4
1968 4
fi=(33)
795 4
fe=(30)
380 1

fn=(946) _GLOBAL__sub_I_wlocale_inst.cc
380 1
fi=(31)
1375 8
1605 4
1762 4
fi=(32)
1883 4
2277 4
2557 4
fi=(31)
320 4
889 4
756 4
1968 4
fi=(33)
795 4
fe=(30)
380 1

fl=(19) ???
fn=(886) 0x000000000009fbb0
0 12

fn=(1702) 0x000000000009fb60
0 9
cob=(3)
cfi=(3)
cfn=(1534)
calls=1 0 
0 404
0 1
cfn=(1730) 0x000000000009faf0
calls=1 0 
0 5
0 3

fn=(1730)
0 5

fl=(34) /build/gcc/src/gcc/libstdc++-v3/src/c++17/memory_resource.cc
fn=(954) _GLOBAL__sub_I_memory_resource.cc
1441 2
92 4
cob=(3)
cfi=(3)
cfn=(896)
calls=1 -92 
* 79
+1 4
cob=(3)
cfi=(3)
cfn=(896)
calls=1 -93 
* 79
+53 2
1441 1
146 2
cob=(3)
cfi=(3)
cfn=(896)
calls=1 0 
* 79

fn=(1712) std::pmr::(anonymous namespace)::constant_init<std::pmr::(anonymous namespace)::newdel_res_t>::~constant_init()
89 2

fn=(1708) std::pmr::(anonymous namespace)::constant_init<std::atomic<std::pmr::memory_resource*> >::~constant_init()
89 2

fn=(1710) std::pmr::(anonymous namespace)::constant_init<std::pmr::(anonymous namespace)::null_res_t>::~constant_init()
89 2

fl=(21) /build/gcc/src/gcc/libstdc++-v3/src/c++11/compatibility-thread-c++0x.cc
fn=(902) _GLOBAL__sub_I_compatibility_thread_c__0x.cc
124 2
-74 1
cfi=(22) /build/gcc/src/gcc/libstdc++-v3/src/c++11/future.cc
cfn=(904) std::future_category()
calls=1 +29 
* 124
* 2
+74 2

fl=(60)
fn=(1226)
48 18
+1 18
cob=(3)
cfi=(3)
cfn=(1228)
calls=18 -49 
* 1517

fl=(28) /build/gcc/src/gcc/libstdc++-v3/src/c++98/parallel_settings.cc
fn=(918) _GLOBAL__sub_I_parallel_settings.cc
42 1
fi=(73) /build/gcc/src/gcc-build/x86_64-pc-linux-gnu/libstdc++-v3/include/parallel/settings.h
286 4
+51 1
-51 1
+51 1
-51 5
+51 1
-51 1
+51 9
-51 1
+51 7
-51 1
+51 5
-51 2
+51 7
-51 1
+51 3
fe=(28)
42 1

fl=(22)
fn=(1720) (anonymous namespace)::future_error_category::~future_error_category()
30 4
cfi=(29)
cfn=(1716)
calls=1 341 
* 2

fn=(904)
79 1
-14 3
+14 1
-14 2
cfi=(23)
cfn=(906)
calls=1 244 
* 19
* 4
cfi=(23)
cfn=(908)
calls=1 389 
* 8
* 4
cob=(3)
cfi=(3)
cfn=(896)
calls=1 -65 
* 79
+14 3

fl=(20) /build/gcc/src/gcc/libstdc++-v3/src/c++11/compatibility-c++0x.cc
fn=(894) std::error_category::error_category()
176 10

fn=(1724) std::error_category::~error_category()
178 4

fn=(892) _GLOBAL__sub_I_compatibility_c__0x.cc
256 2
-42 2
-30 2
cfn=(894)
calls=1 -8 
* 5
+30 1
-30 1
+31 1
-1 2
-30 1
+30 1
cob=(3)
cfi=(3)
cfn=(896)
calls=1 0 
* 75
-15 1
+16 1
-16 1
cfn=(894)
calls=1 -23 
* 5
* 1
+16 1
+41 1
-57 1
+16 3
cob=(3)
cfi=(3)
cfn=(896)
calls=1 0 
* 79

fn=(1722) std::(anonymous namespace)::system_error_category::~system_error_category()
199 4
cfn=(1724)
calls=1 -21 
* 2

fn=(1726) std::(anonymous namespace)::generic_error_category::~generic_error_category()
184 4
cfn=(1724)
calls=1 -6 
* 2

ob=(4)
fl=(4)
fn=(242) __exp_finite
0 9

fn=(252) powf
0 9

fn=(266) exp2f
0 9

fn=(1746) 0x000000000000f3c0
0 5

fn=(876) 0x000000000000f480
0 12

fn=(1378)
0 40261605
cob=(2)
cfi=(2)
cfn=(1380)
calls=8052321 0 
0 869650668
0 112732494

fn=(260) __acos_finite
0 8

fn=(268) __atan2_finite
0 9

fn=(1382)
0 853546026

fn=(1408)
0 40959738

fn=(254) __pow_finite
0 8

fn=(244) expf
0 9

fn=(270) sin
0 9

fn=(246) cos
0 9

fn=(262) sinf
0 5

ob=(9) /usr/lib/libxcb.so.1.1.0
fl=(9) ???
fn=(1986) 0x000000000000c0a0
0 9
cob=(3)
cfi=(3)
cfn=(1534)
calls=1 0 
0 151
0 1
cfn=(1994) 0x000000000000c030
calls=1 0 
0 5
0 3

fn=(1994)
0 5

fn=(390) 0x000000000000c0f0
0 12

ob=(11) /usr/lib/libXfixes.so.3.1.0
fl=(11) ???
fn=(410) 0x0000000000002180
0 12

fn=(1954) 0x0000000000002130
0 9
cob=(3)
cfi=(3)
cfn=(1534)
calls=1 0 
0 151
0 1
cfn=(1962) 0x00000000000020c0
calls=1 0 
0 5
0 3

fn=(1962)
0 5

ob=(13) /usr/lib/libXext.so.6.4.0
fl=(13) ???
fn=(1922) 0x0000000000004270
0 9
cob=(3)
cfi=(3)
cfn=(1534)
calls=1 0 
0 151
0 1
cfn=(1930) 0x0000000000004200
calls=1 0 
0 5
0 3

fn=(1930)
0 5

fn=(430) 0x00000000000042c0
0 12

ob=(18) /usr/lib/librt-2.32.so
fl=(35) ???
fn=(1670) 0x0000000000003950
0 9
cob=(3)
cfi=(3)
cfn=(1534)
calls=1 0 
0 151
0 1
cfn=(1678) 0x00000000000038e0
calls=1 0 
0 5
0 3

fn=(1678)
0 5

fn=(960) 0x00000000000039a0
0 12

ob=(20) /usr/lib/libXinerama.so.1.0.0
fl=(37) ???
fn=(980) 0x0000000000001100
0 12

fn=(1638) 0x00000000000010b0
0 9
cob=(3)
cfi=(3)
cfn=(1534)
calls=1 0 
0 151
0 1
cfn=(1646) 0x0000000000001040
calls=1 0 
0 5
0 3

fn=(1646)
0 5

ob=(22) /usr/lib/libXrandr.so.2.2.0
fl=(39) ???
fn=(1606) 0x0000000000002600
0 9
cob=(3)
cfi=(3)
cfn=(1534)
calls=1 0 
0 151
0 1
cfn=(1614) 0x0000000000002590
calls=1 0 
0 5
0 3

fn=(1614)
0 5

fn=(1000) 0x0000000000002650
0 12

ob=(24) /usr/lib/libGL.so.1.7.0
fl=(41) ???
fn=(1020) 0x0000000000042150
0 12

fn=(1564) 0x0000000000042020
0 3
cob=(3)
cfi=(3)
cfn=(1228)
calls=1 0 
0 10
0 3
cob=(14)
cfi=(14)
cfn=(1568) __glDispatchUnregisterStubCallbacks
calls=1 0 
0 163
0 2
cob=(14)
cfi=(14)
cfn=(1572)
calls=1 0 
0 74

fn=(1574) 0x0000000000042100
0 9
cob=(3)
cfi=(3)
cfn=(1534)
calls=1 0 
0 151
0 1
cfn=(1582) 0x0000000000042090
calls=1 0 
0 5
0 3

fn=(1582)
0 5

fn=(1026) 0x0000000000042060
0 2
cob=(14)
cfi=(14)
cfn=(676)
calls=1 0 
0 69
0 2
cob=(14)
cfi=(14)
cfn=(1030) __glDispatchRegisterStubCallbacks
calls=1 0 
0 297
0 3

ob=(1)
fl=(1)
fn=(276)
0 3250
cfn=(52) mempcpy
calls=75 0 
0 1000
0 375
cfn=(54) memset
calls=75 0 
0 1600
0 850

fn=(300) call_init.part.0
0 627
cob=(2)
cfi=(2)
cfn=(1034)
calls=1 0 
0 7
cob=(2)
cfi=(2)
cfn=(1016)
calls=1 0 
0 7
cob=(2)
cfi=(2)
cfn=(1006)
calls=1 0 
0 7
cob=(2)
cfi=(2)
cfn=(996)
calls=1 0 
0 7
cob=(2)
cfi=(2)
cfn=(986)
calls=1 0 
0 7
cob=(2)
cfi=(2)
cfn=(976)
calls=1 0 
0 7
cob=(2)
cfi=(2)
cfn=(966)
calls=1 0 
0 7
cob=(2)
cfi=(2)
cfn=(956)
calls=1 0 
0 7
cob=(2)
cfi=(2)
cfn=(882)
calls=1 0 
0 7
cob=(2)
cfi=(2)
cfn=(872)
calls=1 0 
0 7
cob=(2)
cfi=(2)
cfn=(856)
calls=1 0 
0 7
cob=(2)
cfi=(2)
cfn=(658)
calls=1 0 
0 7
cob=(2)
cfi=(2)
cfn=(436)
calls=1 0 
0 7
cob=(2)
cfi=(2)
cfn=(426)
calls=1 0 
0 7
cob=(2)
cfi=(2)
cfn=(416)
calls=1 0 
0 7
cob=(2)
cfi=(2)
cfn=(406)
calls=1 0 
0 7
cob=(2)
cfi=(2)
cfn=(396)
calls=1 0 
0 7
cob=(2)
cfi=(2)
cfn=(386)
calls=1 0 
0 7
cob=(2)
cfi=(2)
cfn=(374)
calls=1 0 
0 7
cob=(2)
cfi=(2)
cfn=(364)
calls=1 0 
0 7
cob=(2)
cfi=(2)
cfn=(354)
calls=1 0 
0 7
cob=(2)
cfi=(2)
cfn=(302)
calls=1 0 
0 574
0 420
cob=(24)
cfi=(41)
cfn=(1026)
calls=1 0 
0 373
cob=(17)
cfi=(34)
cfn=(954)
calls=1 1441 
0 252
cob=(17)
cfi=(30)
cfn=(946)
calls=1 380 
0 50
cob=(17)
cfi=(30)
cfn=(938)
calls=1 380 
0 50
cob=(17)
cfi=(30)
cfn=(930)
calls=1 380 
0 34
cob=(17)
cfi=(30)
cfn=(922)
calls=1 380 
0 34
cob=(17)
cfi=(29)
cfn=(920)
calls=1 379 
0 169
cob=(17)
cfi=(28)
cfn=(918)
calls=1 42 
0 52
cob=(17)
cfi=(25)
cfn=(912)
calls=1 127 
0 74
cob=(17)
cfi=(24)
cfn=(910)
calls=1 338 
0 212
cob=(17)
cfi=(21)
cfn=(902)
calls=1 124 
0 131
cob=(17)
cfi=(20)
cfn=(892)
calls=1 256 
0 187
cob=(16) /usr/lib/libgcc_s.so.1
cfi=(18) ???
cfn=(866) 0x0000000000003760
calls=1 0 
0 12
cob=(15)
cfi=(15)
cfn=(668)
calls=1 0 
0 66370
cob=(14)
cfi=(14)
cfn=(446) 0x0000000000040030
calls=1 0 
0 98010
cob=(8)
cfi=(8)
cfn=(384) 0x0000000000002150
calls=1 0 
0 4
cob=(3)
cfi=(3)
cfn=(346) init_cacheinfo
calls=1 0 
0 1789
cob=(3)
cfi=(3)
cfn=(344) check_stdfiles_vtables
calls=1 0 
0 12
cob=(5)
cfi=(5)
cfn=(334) elision_init
calls=1 0 
0 142
0 92
cob=(25) /usr/lib/valgrind/vgpreload_core-amd64-linux.so
cfi=(42) ???
cfn=(1038) 0x0000000000001110
calls=1 0 
0 12
cob=(24)
cfi=(41)
cfn=(1020)
calls=1 0 
0 12
cob=(23) /usr/lib/libXxf86vm.so.1.0.0
cfi=(40) ???
cfn=(1010) 0x0000000000001180
calls=1 0 
0 12
cob=(22)
cfi=(39)
cfn=(1000)
calls=1 0 
0 12
cob=(21) /usr/lib/libXi.so.6.1.0
cfi=(38) ???
cfn=(990) 0x0000000000003390
calls=1 0 
0 12
cob=(20)
cfi=(37)
cfn=(980)
calls=1 0 
0 12
cob=(19) /usr/lib/libXcursor.so.1.0.2
cfi=(36) ???
cfn=(970) 0x00000000000030e0
calls=1 0 
0 12
cob=(18)
cfi=(35)
cfn=(960)
calls=1 0 
0 12
cob=(17)
cfi=(19)
cfn=(886)
calls=1 0 
0 12
cob=(4)
cfi=(4)
cfn=(876)
calls=1 0 
0 12
cob=(16)
cfi=(16) /build/gcc/src/gcc/libgcc/config/i386/cpuinfo.c
cfn=(860) __cpu_indicator_init@GCC_4.8.0
calls=1 431 
0 166
cob=(15)
cfi=(15)
cfn=(662)
calls=1 0 
0 12
cob=(14)
cfi=(14)
cfn=(440) 0x00000000000406b0
calls=1 0 
0 12
cob=(13)
cfi=(13)
cfn=(430)
calls=1 0 
0 12
cob=(12) /usr/lib/libXrender.so.1.3.0
cfi=(12) ???
cfn=(420) 0x00000000000022b0
calls=1 0 
0 12
cob=(11)
cfi=(11)
cfn=(410)
calls=1 0 
0 12
cob=(10) /usr/lib/libX11.so.6.3.0
cfi=(10) ???
cfn=(400) 0x000000000001c6e0
calls=1 0 
0 12
cob=(9)
cfi=(9)
cfn=(390)
calls=1 0 
0 12
cob=(8)
cfi=(8)
cfn=(378) 0x00000000000012e0
calls=1 0 
0 12
cob=(7) /usr/lib/libXau.so.6.0.0
cfi=(7) ???
cfn=(368) 0x0000000000001100
calls=1 0 
0 12
cob=(6) /usr/lib/libXdmcp.so.6.0.0
cfi=(6) ???
cfn=(358) 0x00000000000020e0
calls=1 0 
0 12
cob=(3)
cfi=(3)
cfn=(336) _init_first
calls=1 0 
0 91
cob=(5)
cfi=(5)
cfn=(328) 0x0000000000007b60
calls=1 0 
0 12
0 278

fn=(1312)
0 240
cob=(3)
cfi=(3)
cfn=(504)
calls=20 0 
0 5548
0 200
cfn=(276)
calls=20 0 
0 5660

fn=(50) _dl_important_hwcaps
0 18
cfn=(18)
calls=1 0 
0 20
0 55
cfn=(20) strlen
calls=1 0 
0 17
0 55
cfn=(32) rtld_malloc
calls=1 0 
0 25
0 39
cfn=(52)
calls=1 0 
0 17
0 4
cfn=(52)
calls=1 0 
0 17
0 31
cfn=(52)
calls=1 0 
0 15
0 10
cfn=(52)
calls=2 0 
0 30
0 363

fn=(76) __sigsetjmp
0 1656

fn=(92) open_verify.constprop.0
0 437
cfn=(94) __open_nocancel
calls=23 0 
0 437
0 345
cfn=(96) __read_nocancel
calls=23 0 
0 138
0 437
cfn=(98) rtld_free
calls=23 0 
0 115
0 2982
cfn=(122) __pread64_nocancel
calls=3 0 
0 21
0 755
cfn=(122)
calls=1 0 
0 7
0 139

fn=(118) _dl_cache_libcmp
0 19004

fn=(122)
0 35

fn=(14) get_common_indices.constprop.0
0 55

fn=(40) rtld_lock_default_unlock_recursive
0 438

fn=(46) uname
0 6

fn=(54)
0 5901

fn=(82) _dl_name_match_p
0 11832
cfn=(42) strcmp
calls=1479 0 
0 45673
0 19419
cfn=(42)
calls=1553 0 
0 51020
0 10501

fn=(104) mmap
0 1950

fn=(110) _dl_map_object_deps
0 493
cfn=(32)
calls=23 0 
0 575
0 207
cfn=(34) memcpy
calls=23 0 
0 285
0 115
cfn=(34)
calls=23 0 
0 285
0 1041
cob=(2)
cfi=(2)
cfn=(72)
calls=68 0 
0 224137
0 4852
cfn=(88) _dl_dst_count
calls=68 0 
0 3183
0 1930
cfn=(32)
calls=1 0 
0 25
0 334
cfn=(130) _dl_sort_maps
calls=1 0 
0 11391
0 435
cfn=(128) __libc_scratch_buffer_set_array_size
calls=23 0 
0 414
0 117
cfn=(34)
calls=1 0 
0 56
0 49

fn=(18)
0 1005

fn=(22) sbrk
0 18

fn=(36) _dl_add_to_namespace_list
0 216
cfn=(38) rtld_lock_default_lock_recursive
calls=24 0 
0 72
0 1685
cfn=(40)
calls=23 0 
0 69
0 12
cfn=(40)
calls=1 0 
0 3
0 2

fn=(58) _dl_count_modids
0 6

fn=(80) _dl_map_object
0 13101
cfn=(82)
calls=891 0 
0 84483
0 10285
cfn=(42)
calls=713 0 
0 26120
0 2369
cfn=(84) index
calls=23 0 
0 735
0 51
cfn=(86) expand_dynamic_string_token
calls=1 0 
0 181
0 11
cfn=(92)
calls=1 0 
0 234
0 21
cfn=(100) _dl_map_object_from_fd
calls=1 0 
0 1651
0 308
cfn=(100)
calls=22 0 
0 43651
0 113
cfn=(20)
calls=22 0 
0 470
0 1594
cfn=(114) _dl_load_cache_lookup
calls=22 0 
0 29707
0 330
cfn=(92)
calls=22 0 
0 5579
0 144

fn=(6) _dl_setup_hash
0 600

fn=(16) update_usable.constprop.0
0 126

fn=(44) _dl_discover_osversion
0 10
cfn=(46)
calls=1 0 
0 6
0 75

fn=(52)
0 1386

fn=(90) strdup
0 138
cfn=(20)
calls=23 0 
0 805
0 69
cfn=(32)
calls=23 0 
0 575
0 207
cfn=(34)
calls=23 0 
0 261

fn=(100)
0 391
cfn=(56) _dl_debug_initialize
calls=23 0 
0 207
0 575
cfn=(28) _dl_new_object
calls=23 0 
0 7894
0 4245
cfn=(104)
calls=23 0 
0 460
0 1541
cfn=(54)
calls=23 0 
0 3570
0 1541
cfn=(104)
calls=69 0 
0 1242
0 4905
cfn=(102) _fxstat
calls=23 0 
0 253
0 3201
cfn=(120) mprotect
calls=5 0 
0 30
0 1012
cfn=(124) _dl_process_pt_gnu_property
calls=7 0 
0 140
0 1890
cfn=(122)
calls=1 0 
0 7
0 7874
cfn=(106) __GI___close_nocancel
calls=3 0 
0 18
0 40
cfn=(106)
calls=20 0 
0 120
0 276
cfn=(6)
calls=23 0 
0 552
0 114
cfn=(34)
calls=2 0 
0 22
0 435
cfn=(126) _dl_next_tls_modid
calls=3 0 
0 21
0 12
cfn=(36)
calls=3 0 
0 292
0 60
cfn=(36)
calls=20 0 
0 1732
0 121
cfn=(104)
calls=6 0 
0 108
0 401

fn=(120)
0 180

fn=(124)
0 140

fn=(272) _dl_higher_prime_number
0 159

fn=(278) __rtld_malloc_init_real
0 92
cfn=(280) lookup_malloc_symbol
calls=1 0 
0 1153
0 5
cfn=(280)
calls=1 0 
0 1217
0 5
cfn=(280)
calls=1 0 
0 1218
0 5
cfn=(280)
calls=1 0 
0 1161
0 11

fn=(282) _dl_call_libc_early_init
0 13
cfn=(284) _dl_lookup_direct
calls=1 0 
0 237
0 11
cob=(3)
cfi=(3)
cfn=(286) __libc_early_init
calls=1 0 
0 25

fn=(290) _dl_sysdep_start_cleanup
0 2

fn=(70)
0 12
cob=(2)
cfi=(2)
cfn=(72)
calls=1 0 
0 2518
0 11

fn=(86)
0 9
cfn=(88)
calls=1 0 
0 66
0 9
cfn=(90)
calls=1 0 
0 97

fn=(94)
0 456

fn=(132) _dl_receive_error
0 11
cfn=(134) version_check_doit
calls=1 0 
0 88993
0 6

fn=(148) _dl_cet_check
0 2
cfn=(150) dl_cet_check
calls=1 0 
0 29

fn=(156) do_lookup_x
0 3131447
cfn=(158) check_match
calls=4840 0 
0 414231
0 62578
cfn=(38)
calls=122 0 
0 366
0 5583
cfn=(42)
calls=40 0 
0 2803
0 360
cfn=(40)
calls=40 0 
0 120
0 5988
cfn=(40)
calls=82 0 
0 246
0 2472
cfn=(30) rtld_calloc
calls=1 0 
0 34
0 12194
cfn=(272)
calls=2 0 
0 159
0 8
cfn=(30)
calls=2 0 
0 68
0 2384
cfn=(98)
calls=2 0 
0 10
0 38640

fn=(158)
0 134756
cfn=(42)
calls=1019 0 
0 49990
0 119988
cfn=(42)
calls=3670 0 
0 102153
0 7368
cfn=(42)
calls=1 0 
0 60
0 13
cfn=(42)
calls=1 0 
0 66
0 10

fn=(230) _dl_protect_relro
0 450
cfn=(120)
calls=25 0 
0 150
0 50

fn=(0) 0x0000000000002090
0 2
cfn=(2) _dl_start
calls=1 0 
0 6611766
0 14
cfn=(298) _dl_init
calls=1 0 
0 171020
0 3
cob=(26)
cfi=(43)
cfn=(1046)
calls=1 0 
0 863107529

fn=(64) strcspn
0 220

fn=(142) _dl_tls_static_surplus_init
0 11
cfn=(18)
calls=1 0 
0 20
0 5
cfn=(18)
calls=1 0 
0 20
0 20

fn=(154) _dl_lookup_symbol_x
0 1584299
cfn=(156)
calls=5001 0 
0 3679691
0 170997

fn=(1078) _dl_fixup
0 795
cfn=(154)
calls=15 0 
0 15899
0 423
cob=(4)
cfi=(4)
cfn=(250) sincosf
calls=1 0 
0 9
cob=(3)
cfi=(3)
cfn=(184) memset
calls=1 0 
0 18
cob=(3)
cfi=(3)
cfn=(160) memmove
calls=1 0 
0 16
0 34

fn=(84)
0 2742

fn=(114)
0 635
cfn=(42)
calls=22 0 
0 550
0 176
cfn=(18)
calls=22 0 
0 440
0 3019
cfn=(118)
calls=210 0 
0 17346
0 1223
cfn=(118)
calls=22 0 
0 1658
0 1166
cfn=(20)
calls=22 0 
0 770
0 176
cfn=(34)
calls=22 0 
0 242
0 44
cfn=(90)
calls=22 0 
0 1958
0 180
cfn=(116) _dl_sysdep_read_whole_file
calls=1 0 
0 99
0 25

fn=(126)
0 21

fn=(138) _dl_check_map_versions
0 4551
cfn=(82)
calls=588 0 
0 53962
0 16330
cfn=(42)
calls=122 0 
0 4735
0 2163
cfn=(30)
calls=24 0 
0 855
0 6041

fn=(146) _dl_allocate_tls_storage
0 8
cfn=(32)
calls=1 0 
0 65
0 335
cfn=(30)
calls=1 0 
0 34
0 10

fn=(42)
0 283195

fn=(78) map_doit
0 12
cfn=(80)
calls=1 0 
0 2441
0 3

fn=(98)
0 125

fn=(116)
0 12
cfn=(94)
calls=1 0 
0 19
0 14
cfn=(102)
calls=1 0 
0 11
0 8
cfn=(106)
calls=1 0 
0 6
0 7
cfn=(104)
calls=1 0 
0 20
0 2

fn=(310)
0 6

fn=(20)
0 3389

fn=(30)
0 477
cfn=(32)
calls=53 0 
0 1527

fn=(32)
0 3235
cfn=(104)
calls=6 0 
0 120
0 62

fn=(62) handle_preload_list
0 28
cfn=(66) do_preload
calls=1 0 
0 2571
0 6
cfn=(64)
calls=1 0 
0 220
0 8
cfn=(34)
calls=1 0 
0 19
0 11

fn=(108) access
0 9

fn=(112) openaux
0 1020
cfn=(80)
calls=68 0 
0 218697
0 204

fn=(140) init_tls
0 13
cfn=(30)
calls=1 0 
0 34
0 181
cfn=(142)
calls=1 0 
0 76
0 1
cfn=(144) _dl_determine_tlsoffset
calls=1 0 
0 138
0 1
cfn=(146)
calls=1 0 
0 452
0 19

fn=(1526) _dl_fini
0 24
cob=(5)
cfi=(5)
cfn=(460)
calls=1 0 
0 35
0 331
cfn=(130)
calls=1 0 
0 12442
0 2
cob=(5)
cfi=(5)
cfn=(516)
calls=1 0 
0 37
0 576
cob=(6)
cfi=(6)
cfn=(2042) 0x0000000000002090
calls=1 0 
0 169
cob=(7)
cfi=(7)
cfn=(2026) 0x00000000000010b0
calls=1 0 
0 169
cob=(8)
cfi=(8)
cfn=(2002) 0x0000000000001210
calls=1 0 
0 18
cob=(9)
cfi=(9)
cfn=(1986)
calls=1 0 
0 169
cob=(10)
cfi=(10)
cfn=(1970) 0x000000000001c690
calls=1 0 
0 169
cob=(11)
cfi=(11)
cfn=(1954)
calls=1 0 
0 169
cob=(12)
cfi=(12)
cfn=(1938) 0x0000000000002260
calls=1 0 
0 169
cob=(13)
cfi=(13)
cfn=(1922)
calls=1 0 
0 169
cob=(14)
cfi=(14)
cfn=(1906) 0x0000000000040660
calls=1 0 
0 169
cob=(15)
cfi=(15)
cfn=(1770)
calls=1 0 
0 5600
cob=(16)
cfi=(18)
cfn=(1754) 0x0000000000003710
calls=1 0 
0 169
cob=(4)
cfi=(4)
cfn=(1738) 0x000000000000f430
calls=1 0 
0 169
cob=(17)
cfi=(19)
cfn=(1702)
calls=1 0 
0 422
cob=(5)
cfi=(5)
cfn=(1686) 0x0000000000007b10
calls=1 0 
0 169
cob=(18)
cfi=(35)
cfn=(1670)
calls=1 0 
0 169
cob=(19)
cfi=(36)
cfn=(1654) 0x0000000000003090
calls=1 0 
0 169
cob=(20)
cfi=(37)
cfn=(1638)
calls=1 0 
0 169
cob=(21)
cfi=(38)
cfn=(1622) 0x0000000000003340
calls=1 0 
0 169
cob=(22)
cfi=(39)
cfn=(1606)
calls=1 0 
0 169
cob=(23)
cfi=(40)
cfn=(1590) 0x0000000000001130
calls=1 0 
0 169
cob=(24)
cfi=(41)
cfn=(1564)
calls=1 0 
0 255
cob=(25)
cfi=(42)
cfn=(1548) 0x00000000000010c0
calls=1 0 
0 169
cob=(26)
cfi=(43)
cfn=(1528)
calls=1 0 
0 169
0 3
cob=(8)
cfi=(8)
cfn=(2010) 0x0000000000001290
calls=1 0 
0 169
cob=(15)
cfi=(15)
cfn=(1890)
calls=1 0 
0 169
cob=(24)
cfi=(41)
cfn=(1574)
calls=1 0 
0 169
0 242
cob=(2)
cfi=(2)
cfn=(2056)
calls=1 0 
0 4
cob=(2)
cfi=(2)
cfn=(2040)
calls=1 0 
0 4
cob=(2)
cfi=(2)
cfn=(2024)
calls=1 0 
0 4
cob=(2)
cfi=(2)
cfn=(2000)
calls=1 0 
0 4
cob=(2)
cfi=(2)
cfn=(1984)
calls=1 0 
0 4
cob=(2)
cfi=(2)
cfn=(1968)
calls=1 0 
0 4
cob=(2)
cfi=(2)
cfn=(1952)
calls=1 0 
0 4
cob=(2)
cfi=(2)
cfn=(1936)
calls=1 0 
0 4
cob=(2)
cfi=(2)
cfn=(1920)
calls=1 0 
0 4
cob=(2)
cfi=(2)
cfn=(1904)
calls=1 0 
0 4
cob=(2)
cfi=(2)
cfn=(1768)
calls=1 0 
0 4
cob=(2)
cfi=(2)
cfn=(1752)
calls=1 0 
0 4
cob=(2)
cfi=(2)
cfn=(1736)
calls=1 0 
0 4
cob=(2)
cfi=(2)
cfn=(1700)
calls=1 0 
0 4
cob=(2)
cfi=(2)
cfn=(1684)
calls=1 0 
0 4
cob=(2)
cfi=(2)
cfn=(1668)
calls=1 0 
0 4
cob=(2)
cfi=(2)
cfn=(1652)
calls=1 0 
0 4
cob=(2)
cfi=(2)
cfn=(1636)
calls=1 0 
0 4
cob=(2)
cfi=(2)
cfn=(1620)
calls=1 0 
0 4
cob=(2)
cfi=(2)
cfn=(1604)
calls=1 0 
0 4
cob=(2)
cfi=(2)
cfn=(1588)
calls=1 0 
0 4
cob=(2)
cfi=(2)
cfn=(1562)
calls=1 0 
0 4
cob=(2)
cfi=(2)
cfn=(1546)
calls=1 0 
0 4
0 281

fn=(2)
0 265
cfn=(4) __rtld_malloc_init_stubs
calls=1 0 
0 10
0 6
cfn=(6)
calls=1 0 
0 24
0 12
cfn=(8) _dl_sysdep_start
calls=1 0 
0 6610750
0 699

fn=(4)
0 10

fn=(24) dl_main
0 41
cfn=(26) _dl_next_ld_env_entry
calls=1 0 
0 285
0 2
cfn=(26)
calls=1 0 
0 7
0 83
cfn=(28)
calls=1 0 
0 290
0 13
cfn=(36)
calls=1 0 
0 35
0 352
cfn=(42)
calls=1 0 
0 25
0 405
cfn=(6)
calls=1 0 
0 24
0 6
cfn=(44)
calls=1 0 
0 91
0 10
cfn=(48) _dl_init_paths
calls=1 0 
0 857
0 3
cfn=(56)
calls=1 0 
0 18
0 54
cfn=(58)
calls=1 0 
0 6
0 13
cfn=(60) _dl_debug_state
calls=1 0 
0 2
0 15
cfn=(108)
calls=1 0 
0 9
0 19
cfn=(110)
calls=1 0 
0 249924
0 352
cfn=(132)
calls=1 0 
0 89010
0 52
cfn=(148)
calls=1 0 
0 31
0 525
cfn=(152) _dl_relocate_object
calls=24 0 
0 6228455
0 68
cfn=(232) _dl_add_to_slotinfo
calls=3 0 
0 84
0 22
cfn=(276)
calls=1 0 
0 283
0 16
cfn=(278)
calls=1 0 
0 4867
0 10
cfn=(152)
calls=1 0 
0 7235
0 8
cfn=(282)
calls=1 0 
0 286
0 1
cfn=(290)
calls=1 0 
0 2
0 6
cfn=(56)
calls=1 0 
0 9
0 3
cfn=(60)
calls=1 0 
0 2
0 2
cfn=(292) _dl_unload_cache
calls=1 0 
0 17
0 37
cfn=(140)
calls=1 0 
0 915
0 29
cfn=(62)
calls=1 0 
0 2863
0 14

fn=(60)
0 4

fn=(102)
0 264

fn=(514)
0 5082

fn=(26)
0 292

fn=(56)
0 234

fn=(74)
0 1311
cfn=(76)
calls=69 0 
0 1656
0 483
cfn=(112)
calls=68 0 
0 219921
cfn=(78)
calls=1 0 
0 2456
0 690

fn=(28)
0 476
cfn=(20)
calls=23 0 
0 505
0 207
cfn=(30)
calls=23 0 
0 938
0 4
cfn=(30)
calls=1 0 
0 41
0 360
cfn=(34)
calls=24 0 
0 275
0 1386
cfn=(20)
calls=23 0 
0 805
0 253
cfn=(52)
calls=23 0 
0 307
0 1926
cfn=(32)
calls=23 0 
0 575
0 126

fn=(34)
0 2056

fn=(38)
0 438

fn=(88)
0 621
cfn=(84)
calls=69 0 
0 2007
0 621

fn=(96)
0 138

fn=(106)
0 144

fn=(130)
0 58
cfn=(54)
calls=2 0 
0 34
0 20568
cfn=(34)
calls=14 0 
0 372
0 518
cfn=(54)
calls=46 0 
0 684
0 282
cfn=(34)
calls=14 0 
0 178
0 1139

fn=(134)
0 7
cfn=(136) _dl_check_all_versions
calls=1 0 
0 88982
0 4

fn=(150)
0 29

fn=(294) munmap
0 6

fn=(298)
0 321
cfn=(300)
calls=24 0 
0 169815
0 93
cfn=(300)
calls=1 0 
0 789
0 2

fn=(1076)
0 390
cfn=(1078)
calls=15 0 
0 17194
0 225

fn=(128)
0 414

fn=(136)
0 163
cfn=(138)
calls=25 0 
0 88637
0 182

fn=(1462)
0 288
cob=(3)
cfi=(3)
cfn=(1228)
calls=16 0 
0 160
0 1280
cob=(3)
cfi=(3)
cfn=(1228)
calls=256 0 
0 2560
0 608
cob=(3)
cfi=(3)
cfn=(1228)
calls=16 0 
0 2082
0 128

fn=(8)
0 429
cfn=(10) __GI___tunables_init
calls=1 0 
0 21957
0 2
cfn=(12) brk
calls=1 0 
0 10
0 27
cfn=(18)
calls=1 0 
0 18
0 4
cfn=(18)
calls=1 0 
0 20
0 6
cfn=(18)
calls=1 0 
0 20
0 6
cfn=(18)
calls=1 0 
0 20
0 6
cfn=(18)
calls=1 0 
0 20
0 6
cfn=(18)
calls=1 0 
0 20
0 9
cfn=(18)
calls=1 0 
0 18
0 4
cfn=(18)
calls=1 0 
0 18
0 10
cfn=(20)
calls=1 0 
0 17
0 3
cfn=(22)
calls=1 0 
0 18
0 11
cfn=(24)
calls=1 0 
0 6587793
0 33
cfn=(14)
calls=1 0 
0 55
0 29
cfn=(16)
calls=1 0 
0 126
0 35

fn=(48)
0 13
cfn=(50)
calls=1 0 
0 716
0 3
cfn=(32)
calls=1 0 
0 25
0 13
cfn=(32)
calls=1 0 
0 25
0 21
cfn=(54)
calls=1 0 
0 13
0 28

fn=(66)
0 17
cob=(2)
cfi=(2)
cfn=(68)
calls=1 0 
0 2543
0 11

fn=(280)
0 72
cfn=(154)
calls=4 0 
0 4565
0 112

fn=(284)
0 48
cfn=(158)
calls=1 0 
0 173
0 16

fn=(292)
0 8
cfn=(294)
calls=1 0 
0 6
0 3

fn=(10)
0 21957

fn=(12)
0 10

fn=(144)
0 138

fn=(152)
0 380113
cfn=(154)
calls=4849 0 
0 5378001
0 128054
cob=(4)
cfi=(4)
cfn=(270)
calls=1 0 
0 9
cob=(4)
cfi=(4)
cfn=(268)
calls=1 0 
0 9
cob=(4)
cfi=(4)
cfn=(266)
calls=1 0 
0 9
cob=(4)
cfi=(4)
cfn=(264) __asin_finite
calls=1 0 
0 8
cob=(4)
cfi=(4)
cfn=(262)
calls=1 0 
0 9
cob=(4)
cfi=(4)
cfn=(260)
calls=1 0 
0 8
cob=(4)
cfi=(4)
cfn=(258) __log_finite
calls=1 0 
0 9
cob=(4)
cfi=(4)
cfn=(256) log2f
calls=1 0 
0 9
cob=(4)
cfi=(4)
cfn=(254)
calls=1 0 
0 8
cob=(4)
cfi=(4)
cfn=(252)
calls=1 0 
0 9
cob=(4)
cfi=(4)
cfn=(250)
calls=1 0 
0 9
cob=(4)
cfi=(4)
cfn=(248) logf
calls=1 0 
0 9
cob=(4)
cfi=(4)
cfn=(246)
calls=1 0 
0 9
cob=(4)
cfi=(4)
cfn=(244)
calls=1 0 
0 9
cob=(4)
cfi=(4)
cfn=(242)
calls=1 0 
0 9
cob=(4)
cfi=(4)
cfn=(240) cosf
calls=1 0 
0 9
cob=(3)
cfi=(3)
cfn=(228) strncasecmp_l
calls=1 0 
0 7
cob=(3)
cfi=(3)
cfn=(226) strchrnul
calls=1 0 
0 12
cob=(3)
cfi=(3)
cfn=(224) wmemcmp
calls=1 0 
0 14
cob=(3)
cfi=(3)
cfn=(222) stpcpy
calls=1 0 
0 11
cob=(3)
cfi=(3)
cfn=(220) stpncpy
calls=1 0 
0 11
cob=(3)
cfi=(3)
cfn=(218) strspn
calls=1 0 
0 7
cob=(3)
cfi=(3)
cfn=(216) wcslen
calls=1 0 
0 12
cob=(3)
cfi=(3)
cfn=(214) memchr
calls=1 0 
0 12
cob=(3)
cfi=(3)
cfn=(212) strcasecmp_l
calls=1 0 
0 7
cob=(3)
cfi=(3)
cfn=(210) memrchr
calls=1 0 
0 12
cob=(3)
cfi=(3)
cfn=(208) strlen
calls=1 0 
0 12
cob=(3)
cfi=(3)
cfn=(206) index
calls=1 0 
0 11
cob=(3)
cfi=(3)
cfn=(204) strpbrk
calls=1 0 
0 7
cob=(3)
cfi=(3)
cfn=(202) wcscpy
calls=1 0 
0 7
cob=(3)
cfi=(3)
cfn=(200) wmemset
calls=2 0 
0 32
cob=(3)
cfi=(3)
cfn=(198) wcsnlen
calls=1 0 
0 11
cob=(3)
cfi=(3)
cfn=(196) memcpy@@GLIBC_2.14
calls=1 0 
0 16
cob=(3)
cfi=(3)
cfn=(194) strcpy
calls=1 0 
0 11
cob=(3)
cfi=(3)
cfn=(192) strncasecmp
calls=1 0 
0 7
cob=(3)
cfi=(3)
cfn=(190) strcspn
calls=1 0 
0 7
cob=(3)
cfi=(3)
cfn=(188) strnlen
calls=2 0 
0 24
cob=(3)
cfi=(3)
cfn=(186) wcschr
calls=2 0 
0 24
cob=(3)
cfi=(3)
cfn=(184)
calls=1 0 
0 18
cob=(3)
cfi=(3)
cfn=(182) strcmp
calls=1 0 
0 11
cob=(3)
cfi=(3)
cfn=(180) strncmp
calls=1 0 
0 11
cob=(3)
cfi=(3)
cfn=(178) bcmp
calls=1 0 
0 14
cob=(3)
cfi=(3)
cfn=(176) mempcpy
calls=1 0 
0 16
cob=(3)
cfi=(3)
cfn=(174) wcscmp
calls=1 0 
0 12
cob=(3)
cfi=(3)
cfn=(172) wmemchr
calls=2 0 
0 24
cob=(3)
cfi=(3)
cfn=(170) rawmemchr
calls=1 0 
0 12
cob=(3)
cfi=(3)
cfn=(168) rindex
calls=1 0 
0 12
cob=(3)
cfi=(3)
cfn=(166) strcat
calls=1 0 
0 11
cob=(3)
cfi=(3)
cfn=(164) strcasecmp
calls=1 0 
0 7
cob=(3)
cfi=(3)
cfn=(162) strncpy
calls=1 0 
0 11
cob=(3)
cfi=(3)
cfn=(160)
calls=2 0 
0 32
0 157
cfn=(34)
calls=5 0 
0 61
0 247931
cfn=(154)
calls=6 0 
0 7585
0 32101
cob=(3)
cfi=(3)
cfn=(176)
calls=2 0 
0 32
cob=(3)
cfi=(3)
cfn=(200)
calls=1 0 
0 16
cob=(3)
cfi=(3)
cfn=(174)
calls=1 0 
0 12
cob=(3)
cfi=(3)
cfn=(172)
calls=1 0 
0 12
cob=(3)
cfi=(3)
cfn=(274) gettimeofday
calls=1 0 
0 7
cob=(3)
cfi=(3)
cfn=(224)
calls=1 0 
0 14
cob=(3)
cfi=(3)
cfn=(216)
calls=1 0 
0 12
cob=(3)
cfi=(3)
cfn=(238) strstr
calls=1 0 
0 7
cob=(3)
cfi=(3)
cfn=(236) __memcpy_chk
calls=1 0 
0 16
cob=(3)
cfi=(3)
cfn=(182)
calls=7 0 
0 77
cob=(3)
cfi=(3)
cfn=(214)
calls=2 0 
0 24
cob=(3)
cfi=(3)
cfn=(206)
calls=6 0 
0 66
cob=(3)
cfi=(3)
cfn=(222)
calls=1 0 
0 11
cob=(3)
cfi=(3)
cfn=(162)
calls=3 0 
0 33
cob=(3)
cfi=(3)
cfn=(196)
calls=14 0 
0 224
cob=(3)
cfi=(3)
cfn=(168)
calls=2 0 
0 24
cob=(3)
cfi=(3)
cfn=(194)
calls=2 0 
0 22
cob=(3)
cfi=(3)
cfn=(208)
calls=13 0 
0 156
cob=(3)
cfi=(3)
cfn=(180)
calls=3 0 
0 33
cob=(3)
cfi=(3)
cfn=(160)
calls=10 0 
0 160
cob=(3)
cfi=(3)
cfn=(234) time
calls=4 0 
0 28
cob=(3)
cfi=(3)
cfn=(178)
calls=6 0 
0 84
cob=(3)
cfi=(3)
cfn=(184)
calls=9 0 
0 162
0 26459
cfn=(230)
calls=25 0 
0 650
0 32740

ob=(4)
fl=(4)
fn=(262)
0 4

fn=(256)
0 9

fn=(1370)
0 59589438

fn=(258)
0 9

fn=(264)
0 8

fn=(248)
0 9

fn=(240)
0 9

fn=(250)
0 18

fn=(1738)
0 9
cob=(3)
cfi=(3)
cfn=(1534)
calls=1 0 
0 151
0 1
cfn=(1746)
calls=1 0 
0 5

ob=(1)
fl=(1)
fn=(232)
0 84

ob=(4)
fl=(4)
fn=(1738)
0 3

ob=(16)
fl=(18)
fn=(1754)
0 9
cob=(3)
cfi=(3)
cfn=(1534)
calls=1 0 
0 151
0 1
cfn=(1762) 0x00000000000036a0
calls=1 0 
0 5
0 3

fn=(866)
0 12

fn=(1762)
0 5

fl=(16)
fn=(860)
431 2
+9 1
+1 1
-10 1
+9 3
fi=(17) /build/gcc/src/gcc-build/gcc/include/cpuid.h
269 2
+21 2
+3 4
fe=(16)
453 2
fi=(17)
269 2
+21 2
+3 4
fe=(16)
465 1
+1 1
-1 1
+3 1
-2 1
+2 1
-3 1
+1 1
+2 1
+3 2
+40 4
-32 2
+6 2
cfn=(864) get_available_features
calls=1 258 
* 105
+1 1
+24 2
-30 1
125 2
+8 7
+64 2
+2 1

fn=(864)
258 3
+24 2
+6 2
+3 4
+18 3
+3 4
+2 4
+2 4
+2 4
+2 4
+2 4
+2 4
+2 4
+2 4
+2 4
+1 2
+2 2
+1 1
+1 2
+5 2
+2 3
+1 2
+1 1
+1 2
+2 2
+1 1
+4 2
+1 1
+3 2
+42 2
+2 2
+2 2
+2 2
+2 2
+2 2
+2 2
+5 2
+6 2
-85 2
-42 1
+1 1
-2 1
+2 3

ob=(6)
fl=(6)
fn=(358)
0 12

fn=(2042)
0 9
cob=(3)
cfi=(3)
cfn=(1534)
calls=1 0 
0 151
0 1
cfn=(2050) 0x0000000000002020
calls=1 0 
0 5
0 3

fn=(2050)
0 5

ob=(8)
fl=(8)
fn=(384)
0 4

fn=(2018) 0x0000000000001220
0 5

fn=(2002)
0 18

fn=(378)
0 12

fn=(462) 0x0000000000001b20
0 374
cob=(2)
cfi=(2)
cfn=(466)
calls=34 0 
0 362
0 408
cob=(2)
cfi=(2)
cfn=(558)
calls=34 0 
0 40582
0 510
cob=(2)
cfi=(2)
cfn=(494)
calls=34 0 
0 674
0 105
cob=(2)
cfi=(2)
cfn=(502)
calls=1 0 
0 74361
0 5

ob=(5)
fl=(5)
fn=(518) __pthread_mutex_unlock_usercnt
0 1488

fn=(1456) __deallocate_stack
0 920
cfn=(1458) free_stacks
calls=16 0 
0 7874
0 16

fn=(1686)
0 9
cob=(3)
cfi=(3)
cfn=(1534)
calls=1 0 
0 151
0 1
cfn=(1694) 0x0000000000007aa0
calls=1 0 
0 5
0 3

fn=(1824)
0 39

fn=(1338) start_thread
0 208
cob=(2)
cfi=(2)
cfn=(1340)
calls=16 0 
0 304
0 112
cob=(2)
cfi=(2)
cfn=(1342)
calls=16 0 
0 576
0 448
cob=(26)
cfi=(55)
cfn=(1474)
calls=4 163 
0 33666220
cob=(26)
cfi=(55)
cfn=(1344)
calls=12 123 
0 14515980191
0 32
cob=(2)
cfi=(2)
cfn=(1428)
calls=16 0 
0 224
0 16
cfn=(1432) __nptl_deallocate_tsd
calls=16 0 
0 96
0 16
cob=(2)
cfi=(2)
cfn=(1434)
calls=16 0 
0 1488
0 192
cob=(2)
cfi=(2)
cfn=(1300)
calls=16 0 
0 128
0 332
cob=(3)
cfi=(3)
cfn=(1323) clone'2
calls=8 0 
0 67334656
0 64
cob=(2)
cfi=(2)
cfn=(1448)
calls=16 0 
0 128
0 16

fn=(1339) start_thread'2
0 104
cob=(2)
cfi=(2)
cfn=(1340)
calls=8 0 
0 152
0 56
cob=(2)
cfi=(2)
cfn=(1342)
calls=8 0 
0 288
0 224
cob=(26)
cfi=(55)
cfn=(1474)
calls=8 163 
0 67332440
0 16
cob=(2)
cfi=(2)
cfn=(1428)
calls=8 0 
0 112
0 8
cfn=(1432)
calls=8 0 
0 48
0 8
cob=(2)
cfi=(2)
cfn=(1434)
calls=8 0 
0 744
0 96
cob=(2)
cfi=(2)
cfn=(1300)
calls=8 0 
0 64
0 168
cob=(2)
cfi=(2)
cfn=(1448)
calls=8 0 
0 64
0 8

fn=(1694)
0 5

fn=(550)
0 34

fn=(1294) pthread_getattr_default_np
0 240
cob=(2)
cfi=(2)
cfn=(1296)
calls=24 0 
0 1056
0 192

fn=(1318) create_thread
0 768
cob=(2)
cfi=(2)
cfn=(1320)
calls=24 0 
0 504
0 456

fn=(1432)
0 144

fn=(1454) __free_tcb
0 312
cfn=(1456)
calls=24 0 
0 8810

fn=(328)
0 12

fn=(480)
0 43

fn=(496)
0 618

fn=(1458)
0 400
cob=(2)
cfi=(2)
cfn=(1460)
calls=16 0 
0 7138
0 48
cob=(2)
cfi=(2)
cfn=(1464)
calls=16 0 
0 128
0 160

fn=(1818)
0 48

fn=(322) __pthread_tunables_init
0 9
cob=(2)
cfi=(2)
cfn=(324)
calls=1 0 
0 21
0 5

fn=(460)
0 1574

fn=(470) __pthread_once_slow
0 34
cfn=(472) _pthread_cleanup_push
calls=1 0 
0 7
0 1
cob=(8)
cfi=(8)
cfn=(474) 0x0000000000001690
calls=1 0 
0 31
0 3
cfn=(486) _pthread_cleanup_pop
calls=1 0 
0 6
0 9

fn=(778)
0 4

fn=(1292)
0 577
cfn=(1294)
calls=24 0 
0 1488
0 144
cob=(2)
cfi=(2)
cfn=(1300)
calls=24 0 
0 192
0 648
cob=(2)
cfi=(2)
cfn=(1324)
calls=24 0 
0 192
0 1104
cob=(2)
cfi=(2)
cfn=(1468)
calls=4 0 
0 48
0 320
cob=(2)
cfi=(2)
cfn=(1468)
calls=64 0 
0 768
0 224
cob=(2)
cfi=(2)
cfn=(1470)
calls=4 0 
0 148
0 8
cob=(2)
cfi=(2)
cfn=(1472)
calls=4 0 
0 1140
0 1996
cfn=(1318)
calls=24 0 
0 1728
0 746
cob=(2)
cfi=(2)
cfn=(1314)
calls=2 0 
0 31
0 362
cob=(2)
cfi=(2)
cfn=(1304)
calls=20 0 
0 440
0 420
cob=(2)
cfi=(2)
cfn=(1306)
calls=20 0 
0 160
0 340
cob=(2)
cfi=(2)
cfn=(1310)
calls=20 0 
0 11688
0 528

fn=(1336) __pthread_enable_asynccancel
0 64

fn=(1140) _pthread_cleanup_push_defer
0 85

fn=(1332)
0 120
cfn=(1334) __pthread_clockjoin_ex
calls=24 0 
0 11270

fn=(1334)
0 936
cfn=(1454)
calls=24 0 
0 9122
0 456
cfn=(472)
calls=24 0 
0 168
0 100
cfn=(1336)
calls=4 0 
0 64
0 36
cfn=(1452) __pthread_disable_asynccancel
calls=4 0 
0 64
0 156
cfn=(486)
calls=24 0 
0 144
0 24

fn=(306) __libc_sigaction
0 102

fn=(468)
0 203
cfn=(470)
calls=1 0 
0 91

fn=(472)
0 175

fn=(486)
0 150

fn=(790)
0 48

fn=(796)
0 3

fn=(1452)
0 64

fn=(304)
0 44
cfn=(306)
calls=1 0 
0 51
0 7
cfn=(306)
calls=1 0 
0 51
0 11
cob=(2)
cfi=(2)
cfn=(308)
calls=1 0 
0 8
0 14
cob=(2)
cfi=(2)
cfn=(312)
calls=1 0 
0 12
0 54
cob=(2)
cfi=(2)
cfn=(316)
calls=1 0 
0 271
0 3
cfn=(322)
calls=1 0 
0 35
0 8

fn=(334)
0 11
cob=(2)
cfi=(2)
cfn=(324)
calls=1 0 
0 21
0 4
cob=(2)
cfi=(2)
cfn=(324)
calls=1 0 
0 21
0 4
cob=(2)
cfi=(2)
cfn=(324)
calls=1 0 
0 21
0 4
cob=(2)
cfi=(2)
cfn=(324)
calls=1 0 
0 21
0 4
cob=(2)
cfi=(2)
cfn=(324)
calls=1 0 
0 21
0 10

fn=(516)
0 144
cfn=(518)
calls=48 0 
0 1488

fn=(784)
0 13

ob=(8)
fl=(8)
fn=(462)
0 3
cob=(2)
cfi=(2)
cfn=(548)
calls=1 0 
0 36
0 1

fn=(458)
0 544
cob=(5)
cfi=(5)
cfn=(460)
calls=34 0 
0 1190
0 102
cfn=(462)
calls=34 0 
0 117421
0 204
cob=(5)
cfi=(5)
cfn=(516)
calls=34 0 
0 1258
0 272

fn=(474)
0 7
cob=(2)
cfi=(2)
cfn=(478)
calls=1 0 
0 20
0 4

fn=(568) 0x00000000000014a0
0 238
cob=(2)
cfi=(2)
cfn=(570)
calls=34 0 
0 36638
0 102

fn=(2010)
0 9
cob=(3)
cfi=(3)
cfn=(1534)
calls=1 0 
0 151

ob=(5)
fl=(5)
fn=(1152) _pthread_cleanup_pop_restore
0 50

fn=(1888) pthread_key_delete
0 3

ob=(8)
fl=(8)
fn=(2010)
0 1
cfn=(2018)
calls=1 0 
0 5
0 3

ob=(5)
fl=(5)
fn=(1888)
0 13

ob=(3)
fl=(3)
fn=(350) intel_check_word.constprop.0
0 1310

fn=(506) malloc_hook_ini
0 9
cfn=(508) ptmalloc_init.part.0
calls=1 0 
0 73618
0 3
cfn=(522)
calls=1 0 
0 682

fn=(826)
0 575

fn=(900) __new_exitfn
0 320

fn=(1066)
0 75
cfn=(564) __sigsetjmp
calls=25 0 
0 775

fn=(1084)
0 63

fn=(1098) __read_nocancel
0 6

fn=(1104) __close_nocancel
0 6

fn=(1118)
0 130

fn=(1246)
0 239

fn=(1254) _IO_file_doallocate
0 23
cfn=(1256) _IO_file_stat
calls=1 0 
0 16
0 12
cob=(2)
cfi=(2)
cfn=(822)
calls=1 0 
0 197
0 7
cfn=(1136) _IO_setb
calls=1 0 
0 28
0 21

fn=(1446) __malloc_arena_thread_freeres
0 408

fn=(160)
0 208

fn=(174)
0 24

fn=(200)
0 48

fn=(212)
0 7

fn=(218)
0 7

fn=(236)
0 16

fn=(286)
0 4
cfn=(288)
calls=1 0 
0 17
0 4

fn=(320) __register_atfork
0 43

fn=(338) __init_misc
0 13
cob=(2)
cfi=(2)
cfn=(340)
calls=1 0 
0 45
0 12

fn=(532) sbrk
0 36
cfn=(534) brk
calls=1 0 
0 11
0 5
cfn=(534)
calls=1 0 
0 11
0 7

fn=(534)
0 22

fn=(820)
0 258
cob=(2)
cfi=(2)
cfn=(450)
calls=43 0 
0 890
0 129
cob=(2)
cfi=(2)
cfn=(822)
calls=43 0 
0 8471
0 387
cob=(2)
cfi=(2)
cfn=(824)
calls=43 0 
0 577

fn=(1086) __libc_alloca_cutoff
0 44

fn=(1128) _IO_old_init
0 26

fn=(1144) __strtoul_internal
0 8
cfn=(1102) ____strtoul_l_internal
calls=2 0 
0 305

fn=(1228)
0 4782
cfn=(1230) _int_free
calls=78 0 
0 6609
0 20
cfn=(1516) munmap_chunk
calls=2 0 
0 76
0 790

fn=(1240)
0 43
cfn=(1242) __vfprintf_internal
calls=1 0 
0 7377
0 15
cfn=(1242)
calls=1 0 
0 3614
0 10

fn=(1242)
0 73
cob=(2)
cfi=(2)
cfn=(1244)
calls=2 0 
0 53
0 40
cfn=(1248) _IO_file_xsputn@@GLIBC_2.2.5
calls=2 0 
0 1065
0 205
cob=(5)
cfi=(5)
cfn=(1152)
calls=2 0 
0 20
0 224
cob=(5)
cfi=(5)
cfn=(1140)
calls=2 0 
0 34
0 60
cob=(2)
cfi=(2)
cfn=(1244)
calls=8 0 
0 206
0 104
cfn=(1248)
calls=8 0 
0 1200
0 223
cfn=(1264) _itoa_word
calls=5 0 
0 214
0 210
cfn=(1248)
calls=5 0 
0 406
0 464
cfn=(1486) __printf_fp
calls=3 0 
0 6039
0 151

fn=(1252) _IO_doallocbuf
0 20
cfn=(1254)
calls=1 0 
0 304
0 6

fn=(1268)
0 286

fn=(1298)
0 1008

fn=(1436)
0 96
cfn=(1438) __rpc_thread_destroy
calls=24 0 
0 288
0 24
cfn=(1440) __res_thread_freeres
calls=24 0 
0 648
0 48
cob=(2)
cfi=(2)
cfn=(1444)
calls=24 0 
0 288
0 48
cob=(2)
cfi=(2)
cfn=(1444)
calls=24 0 
0 288
0 48
cfn=(1446)
calls=24 0 
0 408

fn=(162)
0 44

fn=(176)
0 48

fn=(178)
0 98

fn=(186)
0 24

fn=(202)
0 7

fn=(222)
0 22

fn=(238)
0 7

fn=(1480) unlink_chunk.constprop.0
0 138

fn=(1496) __mpn_rshift
0 72

fn=(1506) __libc_enable_asynccancel
0 16

fn=(1516)
0 60
cfn=(1466)
calls=2 0 
0 12
0 4

fn=(1524) __run_exit_handlers
0 264
cob=(1)
cfi=(1)
cfn=(1526)
calls=1 0 
0 24078
0 83
cfn=(2058) _IO_cleanup
calls=1 0 
0 432
0 5
cfn=(2068) _Exit
calls=1 0 
0 5
0 11
cfn=(1430)
calls=1 0 
0 12
0 5

fn=(448)
0 232
cob=(2)
cfi=(2)
cfn=(450)
calls=8 0 
0 172
0 2208

fn=(452)
0 1008

fn=(896)
0 27
cfn=(898) __internal_atexit
calls=9 0 
0 680

fn=(898)
0 180
cfn=(900)
calls=9 0 
0 320
0 180

fn=(1088) __open_nocancel
0 27

fn=(1110)
0 42
cfn=(1112) _getopt_internal
calls=6 0 
0 1341
0 12

fn=(1130) _IO_str_init_static_internal
0 14
cob=(2)
cfi=(2)
cfn=(1132)
calls=1 0 
0 17
0 6
cfn=(1136)
calls=1 0 
0 28
0 16

fn=(1148) _IO_default_uflow
0 15
cfn=(1150) _IO_str_underflow
calls=1 0 
0 15
0 6

fn=(1264)
0 214

fn=(1274) write
0 18
cfn=(1506)
calls=1 0 
0 16
0 11
cfn=(1508) __libc_disable_asynccancel
calls=1 0 
0 16
0 3

fn=(1316)
0 27

fn=(1430)
0 300

fn=(1442) __resolv_context_freeres
0 408

fn=(188)
0 24

fn=(204)
0 7

fn=(220)
0 11

fn=(1490) __mpn_extract_double
0 63

fn=(1508)
0 16

fn=(1534)
0 1882
cob=(17)
cfi=(20)
cfn=(1726)
calls=1 184 
0 6
cob=(17)
cfi=(20)
cfn=(1722)
calls=1 199 
0 6
cob=(17)
cfi=(22)
cfn=(1720)
calls=1 30 
0 6
cob=(17)
cfi=(29)
cfn=(1718)
calls=1 39 
0 6
cob=(17)
cfi=(29)
cfn=(1714)
calls=1 55 
0 6
cob=(17)
cfi=(34)
cfn=(1712)
calls=1 89 
0 2
cob=(17)
cfi=(34)
cfn=(1710)
calls=1 89 
0 2
cob=(17)
cfi=(34)
cfn=(1708)
calls=1 89 
0 2
0 548
cfn=(1536) __unregister_atfork
calls=23 0 
0 759
0 501

fn=(1774)
0 4

fn=(2062) _IO_file_setbuf@@GLIBC_2.2.5
0 4
cfn=(2064) _IO_default_setbuf
calls=1 0 
0 69
0 12

fn=(288)
0 425

fn=(528) sysmalloc
0 197
cfn=(530) __default_morecore
calls=1 0 
0 59
0 51
cfn=(530)
calls=1 0 
0 27
0 26
cfn=(1184)
calls=2 0 
0 40
0 4

fn=(536) alloc_perturb
0 348

fn=(572)
0 136
cfn=(574) do_sym
calls=34 0 
0 36434

fn=(1048)
0 23
cfn=(896)
calls=1 0 
0 79
0 11
cob=(26)
cfi=(43)
cfn=(1050)
calls=1 0 
0 4025
0 8
cfn=(1066)
calls=1 0 
0 34
0 15
cob=(26)
cfi=(45)
cfn=(1068)
calls=1 45 
0 863078419
0 2
cfn=(1522) exit
calls=1 0 
0 24901

fn=(1112)
0 78
cfn=(1114) _getopt_internal_r
calls=6 0 
0 1191
0 72

fn=(1260) _IO_do_write@@GLIBC_2.2.5
0 17
cfn=(1270) new_do_write
calls=2 0 
0 250
0 12

fn=(1270)
0 50
cfn=(1272) _IO_file_write@@GLIBC_2.2.5
calls=2 0 
0 138
0 62

fn=(1450)
0 144

fn=(166)
0 11

fn=(194)
0 33

fn=(214)
0 36

fn=(226)
0 12

fn=(234)
0 28

fn=(318)
0 9
cfn=(320)
calls=1 0 
0 43
0 217

fn=(336)
0 15
cfn=(338)
calls=1 0 
0 70
0 6

fn=(346)
0 85
cfn=(348) handle_intel.constprop.0
calls=1 0 
0 457
0 3
cfn=(348)
calls=1 0 
0 495
0 3
cfn=(348)
calls=1 0 
0 520
0 5
cfn=(352) get_common_cache_info
calls=1 0 
0 218
0 3

fn=(560)
0 510
cfn=(562) _dl_catch_exception
calls=34 0 
0 39528
0 476

fn=(562)
0 782
cfn=(564)
calls=34 0 
0 1054
0 238
cob=(8)
cfi=(8)
cfn=(568)
calls=34 0 
0 36978
0 476

fn=(814) realloc_hook_ini
0 19
cfn=(813) realloc'2
calls=1 0 
0 222

fn=(1124) __isoc99_sscanf
0 24
cfn=(1126) _IO_no_init
calls=1 0 
0 49
0 7
cfn=(1130)
calls=1 0 
0 81
0 11
cfn=(1138) __vfscanf_internal
calls=1 0 
0 1254
0 8

fn=(1138)
0 140
cob=(5)
cfi=(5)
cfn=(1140)
calls=1 0 
0 17
0 13
cob=(5)
cfi=(5)
cfn=(1152)
calls=1 0 
0 10
0 157
cfn=(1142) _IO_sputbackc
calls=2 0 
0 38
0 348
cfn=(1142)
calls=1 0 
0 19
0 87
cfn=(1146) __uflow
calls=1 0 
0 72
0 19
cfn=(1144)
calls=2 0 
0 313
0 21

fn=(1150)
0 15

fn=(1258) _fxstat
0 11

fn=(1262) _IO_default_xsputn
0 109
cfn=(1250) _IO_file_overflow@@GLIBC_2.2.5
calls=8 0 
0 272
0 77

fn=(164)
0 7

fn=(182)
0 88

fn=(192)
0 7

fn=(206)
0 77

fn=(216)
0 24

fn=(224)
0 28

fn=(228)
0 7

fn=(314)
0 10

fn=(352)
0 218

fn=(1090) next_line
0 20
cob=(2)
cfi=(2)
cfn=(1092)
calls=1 0 
0 7
0 26
cob=(2)
cfi=(2)
cfn=(1096)
calls=1 0 
0 16
0 10
cfn=(1098)
calls=1 0 
0 6
0 11
cob=(2)
cfi=(2)
cfn=(1092)
calls=1 0 
0 21
0 2

fn=(1102)
0 545

fn=(1126)
0 11
cfn=(1128)
calls=1 0 
0 26
0 12

fn=(1142)
0 57

fn=(1162) ____strtol_l_internal
0 484

fn=(1184)
0 440

fn=(1272)
0 28
cfn=(1274)
calls=2 0 
0 64
0 46

fn=(1322)
0 568
cob=(5)
cfi=(5)
cfn=(1338)
calls=16 0 
0 14616985447

fn=(1323)
0 56
cob=(5)
cfi=(5)
cfn=(1339)
calls=8 0 
0 67334600

fn=(1438)
0 288

fn=(1440)
0 72
cfn=(1442)
calls=24 0 
0 408
0 168

fn=(180)
0 44

fn=(1466)
0 108

fn=(1488) __printf_fp_l
0 210
cfn=(1490)
calls=3 0 
0 63
0 129
cob=(2)
cfi=(2)
cfn=(824)
calls=1 0 
0 13
0 138
cob=(2)
cfi=(2)
cfn=(824)
calls=1 0 
0 13
0 93
cfn=(1494) __mpn_cmp
calls=1 0 
0 12
0 29
cfn=(1086)
calls=3 0 
0 33
0 64
cfn=(1498) hack_digit
calls=1 0 
0 119
0 3
cfn=(1498)
calls=1 0 
0 114
0 119
cfn=(1498)
calls=18 0 
0 1344
0 138
cfn=(1498)
calls=3 0 
0 227
0 273
cfn=(1492) __mpn_lshift
calls=2 0 
0 32
0 288
cob=(2)
cfi=(2)
cfn=(450)
calls=3 0 
0 54
0 334
cob=(2)
cfi=(2)
cfn=(1266)
calls=3 0 
0 60
0 422
cfn=(1504) __overflow
calls=25 0 
0 1300
0 114
cfn=(1492)
calls=1 0 
0 16
0 52
cfn=(1502) __mpn_mul_1
calls=2 0 
0 66
0 54
cfn=(1496)
calls=1 0 
0 18
0 8
cfn=(1496)
calls=1 0 
0 18
0 10
cfn=(1496)
calls=2 0 
0 36
0 2

fn=(1504)
0 450
cfn=(1250)
calls=25 0 
0 850

fn=(1522)
0 6
cfn=(1524)
calls=1 0 
0 24895

fn=(342)
0 43

fn=(348)
0 102
cfn=(350)
calls=3 0 
0 993
0 21
cfn=(350)
calls=3 0 
0 317
0 39

fn=(504)
0 526
cfn=(526) _int_malloc
calls=1 0 
0 144
0 57
cfn=(526)
calls=19 0 
0 2731
0 837
cob=(2)
cfi=(2)
cfn=(538)
calls=20 0 
0 740
0 6
cob=(2)
cfi=(2)
cfn=(538)
calls=1 0 
0 14
0 3
cfn=(506)
calls=1 0 
0 74312
0 537

fn=(508)
0 658
cob=(2)
cfi=(2)
cfn=(520)
calls=1 0 
0 21
0 4
cob=(2)
cfi=(2)
cfn=(520)
calls=1 0 
0 22
0 4
cob=(2)
cfi=(2)
cfn=(520)
calls=1 0 
0 21
0 4
cob=(2)
cfi=(2)
cfn=(520)
calls=1 0 
0 22
0 4
cob=(2)
cfi=(2)
cfn=(520)
calls=1 0 
0 22
0 4
cob=(2)
cfi=(2)
cfn=(520)
calls=1 0 
0 21
0 4
cob=(2)
cfi=(2)
cfn=(520)
calls=1 0 
0 22
0 4
cob=(2)
cfi=(2)
cfn=(520)
calls=1 0 
0 22
0 4
cob=(2)
cfi=(2)
cfn=(520)
calls=1 0 
0 22
0 4
cob=(2)
cfi=(2)
cfn=(520)
calls=1 0 
0 22
0 4
cob=(2)
cfi=(2)
cfn=(520)
calls=1 0 
0 22
0 4
cob=(2)
cfi=(2)
cfn=(520)
calls=1 0 
0 22
0 16
cfn=(510) _dl_addr
calls=1 0 
0 72633
0 6

fn=(522)
0 1807
cfn=(526)
calls=67 0 
0 10077
0 1135
cfn=(524) tcache_init.part.0
calls=1 0 
0 479
0 198

fn=(566) __sigjmp_save
0 531

fn=(574)
0 1734
cob=(2)
cfi=(2)
cfn=(512)
calls=34 0 
0 5015
0 612
cob=(1)
cfi=(1)
cfn=(154)
calls=34 0 
0 28937
0 136

fn=(840)
0 20127

fn=(1082)
0 16
cfn=(1084)
calls=1 0 
0 21
0 8
cfn=(1086)
calls=1 0 
0 11
0 15
cfn=(1088)
calls=1 0 
0 27
0 12
cfn=(1090)
calls=1 0 
0 119
0 8
cfn=(1100) strtoul
calls=1 0 
0 112
0 27
cfn=(1104)
calls=1 0 
0 6
0 24
cfn=(1100)
calls=1 0 
0 138
0 5

fn=(1100)
0 10
cfn=(1102)
calls=2 0 
0 240

fn=(1134)
0 15

fn=(1136)
0 56

fn=(1160)
0 20
cfn=(1162)
calls=4 0 
0 484

fn=(1230)
0 5150
cfn=(1480)
calls=3 0 
0 63
0 1182
cfn=(1480)
calls=4 0 
0 75
0 139

fn=(1302)
0 288

fn=(1326)
0 144

fn=(168)
0 36

fn=(196)
0 240

fn=(198)
0 11

fn=(1492)
0 48

fn=(1494)
0 12

fn=(2060) _IO_flush_all_lockp
0 22
cob=(5)
cfi=(5)
cfn=(1140)
calls=1 0 
0 17
0 85
cob=(5)
cfi=(5)
cfn=(1152)
calls=1 0 
0 10
0 19

fn=(274)
0 7

fn=(510)
0 16
cob=(5)
cfi=(5)
cfn=(460)
calls=1 0 
0 30
0 2
cob=(2)
cfi=(2)
cfn=(512)
calls=1 0 
0 137
0 70337
cob=(5)
cfi=(5)
cfn=(516)
calls=1 0 
0 25
0 2086

fn=(524)
0 13
cfn=(526)
calls=1 0 
0 365
0 101

fn=(530)
0 6
cfn=(532)
calls=2 0 
0 70
0 10

fn=(540)
0 870

fn=(564)
0 1298
cfn=(566)
calls=59 0 
0 531

fn=(1114)
0 344
cob=(2)
cfi=(2)
cfn=(1116)
calls=5 0 
0 140
0 293
cfn=(448)
calls=1 0 
0 323
0 91

fn=(1146)
0 31
cfn=(1148)
calls=1 0 
0 36
0 5

fn=(1250)
0 1213
cfn=(1260)
calls=3 0 
0 279
0 2
cfn=(1252)
calls=1 0 
0 330
0 6

fn=(1256)
0 5
cfn=(1258)
calls=1 0 
0 11

fn=(1308)
0 120

fn=(170)
0 12

fn=(184)
0 198

fn=(190)
0 7

fn=(208)
0 168

fn=(1502)
0 549

fn=(1536)
0 759

fn=(2058)
0 13
cfn=(2060)
calls=1 0 
0 153
0 11
cob=(5)
cfi=(5)
cfn=(1140)
calls=1 0 
0 17
0 70
cfn=(2062)
calls=1 0 
0 85
0 33
cob=(5)
cfi=(5)
cfn=(1152)
calls=1 0 
0 10
0 40

fn=(2066) _IO_file_sync@@GLIBC_2.2.5
0 18

fn=(344)
0 12

fn=(526)
0 12448
cfn=(536)
calls=84 0 
0 336
0 9
cfn=(536)
calls=3 0 
0 12
0 99
cfn=(528)
calls=3 0 
0 404
0 9

fn=(812)
0 23
cfn=(814)
calls=1 0 
0 241

fn=(813)
0 25
cfn=(522)
calls=1 0 
0 195
0 2

fn=(1094)
0 24

fn=(1248)
0 372
cob=(2)
cfi=(2)
cfn=(1266)
calls=14 0 
0 260
0 333
cfn=(1250)
calls=3 0 
0 708
0 52
cfn=(1262)
calls=1 0 
0 458
0 488

fn=(172)
0 36

fn=(210)
0 12

fn=(1486)
0 21
cfn=(1488)
calls=3 0 
0 6018

fn=(1498)
0 349
cfn=(1502)
calls=9 0 
0 189
0 161
cfn=(1500) __mpn_divrem
calls=9 0 
0 392
0 237
cfn=(1502)
calls=14 0 
0 294
0 182

fn=(1500)
0 392

fn=(2064)
0 19
cfn=(2066)
calls=1 0 
0 18
0 32

fn=(2068)
0 5

ob=(10)
fl=(10)
fn=(400)
0 12

fn=(1970)
0 9
cob=(3)
cfi=(3)
cfn=(1534)
calls=1 0 
0 151
0 1
cfn=(1978) 0x000000000001c620
calls=1 0 
0 5
0 3

fn=(1978)
0 5

ob=(12)
fl=(12)
fn=(1946) 0x00000000000021f0
0 5

fn=(420)
0 12

fn=(1938)
0 9
cob=(3)
cfi=(3)
cfn=(1534)
calls=1 0 
0 151
0 1
cfn=(1946)
calls=1 0 
0 5
0 3

ob=(14)
fl=(14)
fn=(446)
0 3
cob=(3)
cfi=(3)
cfn=(448)
calls=1 0 
0 331
0 5
cob=(8)
cfi=(8)
cfn=(458)
calls=1 0 
0 75727
0 8
cob=(8)
cfi=(8)
cfn=(458)
calls=1 0 
0 1162
0 8
cob=(8)
cfi=(8)
cfn=(458)
calls=1 0 
0 1627
0 8
cob=(8)
cfi=(8)
cfn=(458)
calls=1 0 
0 1667
0 8
cob=(8)
cfi=(8)
cfn=(458)
calls=1 0 
0 1250
0 8
cob=(8)
cfi=(8)
cfn=(458)
calls=1 0 
0 1369
0 8
cob=(8)
cfi=(8)
cfn=(458)
calls=1 0 
0 1245
0 8
cob=(8)
cfi=(8)
cfn=(458)
calls=1 0 
0 1291
0 8
cob=(8)
cfi=(8)
cfn=(458)
calls=1 0 
0 1289
0 8
cob=(8)
cfi=(8)
cfn=(458)
calls=1 0 
0 1313
0 8
cob=(8)
cfi=(8)
cfn=(458)
calls=1 0 
0 1307
0 8
cob=(8)
cfi=(8)
cfn=(458)
calls=1 0 
0 1329
0 22
cob=(8)
cfi=(8)
cfn=(458)
calls=1 0 
0 1208
0 8
cob=(8)
cfi=(8)
cfn=(458)
calls=1 0 
0 1250
0 8
cob=(8)
cfi=(8)
cfn=(458)
calls=1 0 
0 1258
0 8
cob=(8)
cfi=(8)
cfn=(458)
calls=1 0 
0 1261
0 8
cob=(8)
cfi=(8)
cfn=(458)
calls=1 0 
0 1303
0 9
cob=(3)
cfi=(3)
cfn=(448)
calls=1 0 
0 323
0 5
cob=(3)
cfi=(3)
cfn=(448)
calls=1 0 
0 331
0 5

fn=(678) 0x0000000000040770
0 6
cob=(5)
cfi=(5)
cfn=(460)
calls=6 0 
0 174

fn=(1906)
0 9
cob=(3)
cfi=(3)
cfn=(1534)
calls=1 0 
0 151
0 1
cfn=(1914) 0x00000000000405f0
calls=1 0 
0 5
0 3

fn=(440)
0 12

fn=(690) 0x0000000000040790
0 1
cob=(5)
cfi=(5)
cfn=(516)
calls=1 0 
0 25

fn=(1914)
0 5

fn=(1886) 0x00000000000407f0
0 1
cob=(5)
cfi=(5)
cfn=(1888)
calls=1 0 
0 16

fn=(670)
0 2

fn=(676)
0 2
cob=(5)
cfi=(5)
cfn=(516)
calls=2 0 
0 50
0 6
cfn=(678)
calls=2 0 
0 60
0 23
cfn=(680) 0x00000000000407e0
calls=1 0 
0 26
0 11
cfn=(682) 0x0000000000040d20
calls=1 0 
0 227
0 2

fn=(680)
0 1
cob=(5)
cfi=(5)
cfn=(480)
calls=1 0 
0 25

fn=(1568)
0 1
cob=(5)
cfi=(5)
cfn=(516)
calls=1 0 
0 25
0 6
cfn=(678)
calls=1 0 
0 30
0 15
cob=(3)
cfi=(3)
cfn=(1228)
calls=1 0 
0 81
0 5

fn=(1572)
0 2
cob=(5)
cfi=(5)
cfn=(516)
calls=2 0 
0 50
0 10
cfn=(678)
calls=2 0 
0 60
0 38
cob=(3)
cfi=(3)
cfn=(1228)
calls=1 0 
0 81
0 9
cfn=(1886)
calls=1 0 
0 17
0 2
cob=(3)
cfi=(3)
cfn=(1228)
calls=1 0 
0 10
0 6

fn=(1792)
0 1
cob=(5)
cfi=(5)
cfn=(496)
calls=1 0 
0 12
0 2

fn=(682)
0 12
cob=(3)
cfi=(3)
cfn=(522)
calls=2 0 
0 390
0 52

fn=(1030)
0 4
cfn=(678)
calls=1 0 
0 30
0 3
cfn=(682)
calls=1 0 
0 227
0 4
cfn=(690)
calls=1 0 
0 26
0 3

ob=(19)
fl=(36)
fn=(970)
0 12

fn=(1654)
0 9
cob=(3)
cfi=(3)
cfn=(1534)
calls=1 0 
0 151
0 1
cfn=(1662) 0x0000000000003020
calls=1 0 
0 5
0 3

fn=(1662)
0 5

ob=(21)
fl=(38)
fn=(990)
0 12

fn=(1622)
0 9
cob=(3)
cfi=(3)
cfn=(1534)
calls=1 0 
0 151
0 1
cfn=(1630) 0x00000000000032d0
calls=1 0 
0 5
0 3

fn=(1630)
0 5

ob=(23)
fl=(40)
fn=(1590)
0 9
cob=(3)
cfi=(3)
cfn=(1534)
calls=1 0 
0 151
0 1
cfn=(1598) 0x00000000000010c0
calls=1 0 
0 5
0 3

fn=(1010)
0 12

fn=(1598)
0 5

ob=(25)
fl=(42)
fn=(1548)
0 9
cob=(3)
cfi=(3)
cfn=(1534)
calls=1 0 
0 151
0 1
cfn=(1556) 0x0000000000001050
calls=1 0 
0 5
0 3

fn=(1038)
0 12

fn=(1556)
0 5

ob=(7)
fl=(7)
fn=(368)
0 12

fn=(2026)
0 9
cob=(3)
cfi=(3)
cfn=(1534)
calls=1 0 
0 151
0 1
cfn=(2034) 0x0000000000001040
calls=1 0 
0 5
0 3

fn=(2034)
0 5

totals: 15486875893
